0.537630 0.462370
0.328452 0.671548
0.291730 0.708270
0.324602 0.675398
0.888290 0.111710
0.019200 0.980800
0.341730 0.658270
0.538733 0.461267
0.320937 0.679063
0.146341 0.853659
0.350522 0.649478
0.386944 0.613056
0.682935 0.317065
0.584827 0.415173
0.407544 0.592456
0.227126 0.772874
0.009202 0.990798
0.150250 0.849750
0.286964 0.713036
0.520055 0.479945
0.319337 0.680663
0.376990 0.623010
0.265269 0.734731
0.923810 0.076190
0.224406 0.775594
0.262255 0.737745
0.425000 0.575000
0.234399 0.765601
0.229117 0.770883
0.216649 0.783351
0.183937 0.816063
0.173878 0.826122
0.170498 0.829502
0.329147 0.670853
0.329843 0.670157
0.774343 0.225657
0.204484 0.795516
0.330540 0.669460
0.263065 0.736935
0.491071 0.508929
0.378040 0.621960
0.466391 0.533609
0.285996 0.714004
0.343530 0.656470
0.312608 0.687392
0.713757 0.286243
0.173554 0.826446
0.056799 0.943201
0.540281 0.459719
0.190136 0.809864
0.295316 0.704684
0.353096 0.646904
0.217554 0.782446
0.205078 0.794922
0.331239 0.668761
0.384085 0.615915
0.448967 0.551033
0.082474 0.917526
0.033058 0.966942
0.331939 0.668061
0.118442 0.881558
0.040838 0.959162
0.153780 0.846220
0.019737 0.980263
0.263736 0.736264
0.568863 0.431137
0.430063 0.569937
0.509965 0.490035
0.062992 0.937008
0.012195 0.987805
0.363411 0.636589
0.718750 0.281250
0.402174 0.597826
0.200436 0.799564
0.252538 0.747462
0.383625 0.616375
0.332641 0.667359
0.109785 0.890215
0.051471 0.948529
0.186178 0.813822
0.017647 0.982353
0.076923 0.923077
0.343797 0.656203
0.498447 0.501553
0.297125 0.702875
0.369156 0.630844
0.114130 0.885870
0.242226 0.757774
0.114130 0.885870
0.030928 0.969072
0.292798 0.707202
0.350610 0.649390
0.180000 0.820000
0.678788 0.321212
0.133014 0.866986
0.139203 0.860797
0.018750 0.981250
0.333344 0.666656
0.334049 0.665951
0.435822 0.564178
0.022222 0.977778
0.132032 0.867968
0.263407 0.736593
0.201854 0.798146
0.065217 0.934783
0.123393 0.876607
0.355600 0.644400
0.565802 0.434198
0.526308 0.473692
0.390950 0.609050
0.506849 0.493151
0.431953 0.568047
0.431953 0.568047
0.392002 0.607998
0.340580 0.659420
0.320225 0.679775
0.334755 0.665245
0.016043 0.983957
0.019139 0.980861
0.174430 0.825570
0.064593 0.935407
0.325961 0.674039
0.134791 0.865209
0.445498 0.554502
0.486059 0.513941
0.435763 0.564237
0.376653 0.623347
0.246835 0.753165
0.279570 0.720430
0.009804 0.990196
0.016304 0.983696
0.016304 0.983696
0.335463 0.664537
0.336172 0.663828
0.278132 0.721868
0.425806 0.574194
0.575000 0.425000
0.532637 0.467363
0.436620 0.563380
0.343373 0.656627
0.343373 0.656627
0.336883 0.663117
0.529851 0.470149
0.972603 0.027397
0.512635 0.487365
0.599271 0.400729
0.225941 0.774059
0.337595 0.662405
0.430830 0.569170
0.085106 0.914894
0.364486 0.635514
0.140351 0.859649
0.474522 0.525478
0.429379 0.570621
0.125000 0.875000
0.316901 0.683099
0.451991 0.548009
0.055215 0.944785
0.187285 0.812715
0.046154 0.953846
0.055215 0.944785
0.034286 0.965714
0.034286 0.965714
0.132353 0.867647
0.132353 0.867647
0.212017 0.787983
0.716814 0.283186
0.327146 0.672854
0.506000 0.494000
0.103448 0.896552
0.274900 0.725100
0.470789 0.529211
0.197368 0.802632
0.414072 0.585928
0.164835 0.835165
0.332613 0.667387
0.302789 0.697211
0.326133 0.673867
0.338309 0.661691
0.061644 0.938356
0.064426 0.935574
0.999999 0.000001
0.805907 0.194093
0.672544 0.327456
0.021898 0.978102
0.021898 0.978102
0.056338 0.943662
0.333333 0.666667
0.333333 0.666667
0.333333 0.666667
0.294118 0.705882
0.333333 0.666667
0.401460 0.598540
0.508946 0.491054
0.109890 0.890110
0.586498 0.413502
0.542969 0.457031
0.314815 0.685185
0.607143 0.392857
0.338129 0.661871
0.559524 0.440476
0.340131 0.659869
0.012876 0.987124
0.386463 0.613537
0.386463 0.613537
0.933333 0.066667
0.522727 0.477273
0.418667 0.581333
0.659058 0.340942
0.750000 0.250000
0.668790 0.331210
0.668790 0.331210
0.371554 0.628446
0.073620 0.926380
0.073620 0.926380
0.339024 0.660976
0.339741 0.660259
0.381818 0.618182
0.369159 0.630841
0.179688 0.820312
0.887324 0.112676
0.887324 0.112676
0.570288 0.429712
0.204545 0.795455
0.351303 0.648697
0.456395 0.543605
0.208549 0.791451
0.340459 0.659541
0.341179 0.658821
0.392237 0.607763
0.206019 0.793981
0.267045 0.732955
0.388013 0.611987
0.267045 0.732955
0.341900 0.658100
0.008475 0.991525
0.012195 0.987805
0.342623 0.657377
0.040268 0.959732
0.393365 0.606635
0.445255 0.554745
0.445255 0.554745
0.176471 0.823529
0.512613 0.487387
0.385170 0.614830
0.326840 0.673160
0.305344 0.694656
0.343347 0.656653
0.469925 0.530075
0.798561 0.201439
0.344073 0.655927
0.026906 0.973094
0.227334 0.772666
0.103139 0.896861
0.344800 0.655200
0.352941 0.647059
0.162415 0.837585
0.216039 0.783961
0.271186 0.728814
0.147959 0.852041
0.095455 0.904545
0.095455 0.904545
0.095455 0.904545
0.462846 0.537154
0.079470 0.920530
0.034783 0.965217
0.081571 0.918429
0.224439 0.775561
0.045317 0.954683
0.327185 0.672815
0.014851 0.985149
0.345529 0.654471
0.048485 0.951515
0.177189 0.822811
0.217786 0.782214
0.180000 0.820000
0.214286 0.785714
0.412500 0.587500
0.426172 0.573828
0.199513 0.800487
0.128944 0.871056
0.199513 0.800487
0.346260 0.653740
0.346992 0.653008
0.347726 0.652274
0.244365 0.755635
0.348461 0.651539
0.349197 0.650803
0.349936 0.650064
0.517110 0.482890
0.127500 0.872500
0.121951 0.878049
0.300000 0.700000
0.018293 0.981707
0.358037 0.641963
0.108434 0.891566
0.075235 0.924765
0.270270 0.729730
0.210219 0.789781
0.020690 0.979310
0.219794 0.780206
0.082759 0.917241
0.715507 0.284493
0.414634 0.585366
0.562842 0.437158
0.623100 0.376900
0.350676 0.649324
0.398392 0.601608
0.516000 0.484000
0.155844 0.844156
0.458410 0.541590
0.040678 0.959322
0.351417 0.648583
0.327671 0.672329
0.185185 0.814815
0.185185 0.814815
0.549587 0.450413
0.917526 0.082474
0.775758 0.224242
0.551724 0.448276
0.917526 0.082474
0.999999 0.000001
0.705202 0.294798
0.651852 0.348148
0.372549 0.627451
0.819549 0.180451
0.707317 0.292683
0.015075 0.984925
0.017241 0.982759
0.036939 0.963061
0.611684 0.388316
0.332418 0.667582
0.214932 0.785068
0.430350 0.569650
0.946667 0.053333
0.290323 0.709677
0.352160 0.647840
0.714169 0.285831
0.979058 0.020942
0.929825 0.070175
0.017442 0.982558
0.145299 0.854701
0.069519 0.930481
0.352904 0.647096
0.039474 0.960526
0.353651 0.646349
0.999999 0.000001
0.108696 0.891304
0.108696 0.891304
0.108696 0.891304
0.108696 0.891304
0.066667 0.933333
0.078534 0.921466
0.017544 0.982456
0.361871 0.638129
0.235006 0.764994
0.361871 0.638129
0.312253 0.687747
0.488722 0.511278
0.312253 0.687747
0.354398 0.645602
0.355147 0.644853
0.355898 0.644102
0.329217 0.670783
0.356651 0.643349
0.208522 0.791478
0.204082 0.795918
0.338028 0.661972
0.039216 0.960784
0.564286 0.435714
0.322878 0.677122
0.177632 0.822368
0.195652 0.804348
0.519851 0.480149
0.519851 0.480149
0.357405 0.642595
0.023669 0.976331
0.694444 0.305556
0.366667 0.633333
0.448052 0.551948
0.702797 0.297203
0.406475 0.593525
0.448052 0.551948
0.556522 0.443478
0.708333 0.291667
0.888889 0.111111
0.888889 0.111111
0.420732 0.579268
0.626736 0.373264
0.420732 0.579268
0.719298 0.280702
0.719298 0.280702
0.099174 0.900826
0.099174 0.900826
0.714286 0.285714
0.358160 0.641840
0.294574 0.705426
0.014151 0.985849
0.330770 0.669230
0.358918 0.641082
0.359676 0.640324
0.094059 0.905941
0.033043 0.966957
0.350318 0.649682
0.372973 0.627027
0.152174 0.847826
0.152174 0.847826
0.164706 0.835294
0.639640 0.360360
0.199566 0.800434
0.360437 0.639563
0.170455 0.829545
0.091549 0.908451
0.041379 0.958621
0.100917 0.899083
0.362538 0.637462
0.361199 0.638801
0.319635 0.680365
0.900826 0.099174
0.900826 0.099174
0.361962 0.638038
0.017910 0.982090
0.362728 0.637272
0.769784 0.230216
0.769784 0.230216
0.111111 0.888889
0.388889 0.611111
0.139344 0.860656
0.354938 0.645062
0.584337 0.415663
0.354938 0.645062
0.493243 0.506757
0.999999 0.000001
0.999999 0.000001
0.363495 0.636505
0.802817 0.197183
0.802817 0.197183
0.122951 0.877049
0.052023 0.947977
0.246851 0.753149
0.336788 0.663212
0.055215 0.944785
0.364263 0.635737
0.365033 0.634967
0.523810 0.476190
0.523810 0.476190
0.607143 0.392857
0.133005 0.866995
0.631579 0.368421
0.030928 0.969072
0.297059 0.702941
0.279146 0.720854
0.401408 0.598592
0.251748 0.748252
0.251748 0.748252
0.251748 0.748252
0.251748 0.748252
0.895161 0.104839
0.895161 0.104839
0.365805 0.634195
0.366578 0.633422
0.367353 0.632647
0.999999 0.000001
0.318548 0.681452
0.846154 0.153846
0.368130 0.631870
0.368908 0.631092
0.010239 0.989761
0.369688 0.630312
0.370470 0.629530
0.405018 0.594982
0.155844 0.844156
0.691834 0.308166
0.343013 0.656987
0.260870 0.739130
0.260870 0.739130
0.260870 0.739130
0.033557 0.966443
0.040000 0.960000
0.034884 0.965116
0.034884 0.965116
0.675676 0.324324
0.481132 0.518868
0.675676 0.324324
0.201613 0.798387
0.388664 0.611336
0.371253 0.628747
0.041522 0.958478
0.491228 0.508772
0.141956 0.858044
0.330882 0.669118
0.220408 0.779592
0.641379 0.358621
0.641379 0.358621
0.641379 0.358621
0.339713 0.660287
0.490909 0.509091
0.481203 0.518797
0.587879 0.412121
0.587879 0.412121
0.372038 0.627962
0.443182 0.556818
0.103448 0.896552
0.149254 0.850746
0.149254 0.850746
0.164619 0.835381
0.180723 0.819277
0.180723 0.819277
0.379147 0.620853
0.046512 0.953488
0.379147 0.620853
0.046512 0.953488
0.011905 0.988095
0.559322 0.440678
0.559322 0.440678
0.372824 0.627176
0.041096 0.958904
0.041096 0.958904
0.041096 0.958904
0.362782 0.637218
0.472973 0.527027
0.496063 0.503937
0.496063 0.503937
0.496063 0.503937
0.921569 0.078431
0.277683 0.722317
0.921569 0.078431
0.921569 0.078431
0.021739 0.978261
0.935484 0.064516
0.935484 0.064516
0.686411 0.313589
0.336207 0.663793
0.304455 0.695545
0.551515 0.448485
0.296296 0.703704
0.270492 0.729508
0.293785 0.706215
0.270492 0.729508
0.373613 0.626387
0.187702 0.812298
0.373984 0.626016
0.373984 0.626016
0.165468 0.834532
0.859504 0.140496
0.859504 0.140496
0.076433 0.923567
0.513636 0.486364
0.873684 0.126316
0.728070 0.271930
0.999999 0.000001
0.999999 0.000001
0.944828 0.055172
0.883212 0.116788
0.521277 0.478723
0.813084 0.186916
0.999999 0.000001
0.184874 0.815126
0.172324 0.827676
0.338983 0.661017
0.318584 0.681416
0.318584 0.681416
0.235294 0.764706
0.318584 0.681416
0.374402 0.625598
0.142857 0.857143
0.347909 0.652091
0.321705 0.678295
0.151335 0.848665
0.021277 0.978723
0.999999 0.000001
0.779528 0.220472
0.088235 0.911765
0.576923 0.423077
0.220588 0.779412
0.208163 0.791837
0.375194 0.624806
0.375987 0.624013
0.496154 0.503846
0.569620 0.430380
0.535714 0.464286
0.534483 0.465517
0.572650 0.427350
0.569620 0.430380
0.243243 0.756757
0.137056 0.862944
0.192308 0.807692
0.376782 0.623218
0.377579 0.622421
0.031359 0.968641
0.237736 0.762264
0.390625 0.609375
0.346154 0.653846
0.346154 0.653846
0.346154 0.653846
0.067164 0.932836
0.332330 0.667670
0.378377 0.621623
0.330882 0.669118
0.335526 0.664474
0.428571 0.571429
0.379177 0.620823
0.054795 0.945205
0.015464 0.984536
0.015464 0.984536
0.323587 0.676413
0.931034 0.068966
0.507042 0.492958
0.768362 0.231638
0.015385 0.984615
0.379979 0.620021
0.380782 0.619218
0.381587 0.618413
0.382394 0.617606
0.131004 0.868996
0.383202 0.616798
0.384012 0.615988
0.384824 0.615176
0.385638 0.614362
0.386453 0.613547
0.387270 0.612730
0.683502 0.316498
0.642336 0.357664
0.133333 0.866667
0.133333 0.866667
0.133333 0.866667
0.230769 0.769231
0.290323 0.709677
0.407692 0.592308
0.388089 0.611911
0.388909 0.611091
0.848649 0.151351
0.389732 0.610268
0.153061 0.846939
0.544627 0.455373
0.876923 0.123077
0.937008 0.062992
0.937008 0.062992
0.212903 0.787097
0.119403 0.880597
0.390555 0.609445
0.391381 0.608619
0.177215 0.822785
0.392209 0.607791
0.393038 0.606962
0.333898 0.666102
0.966387 0.033613
0.694158 0.305842
0.969466 0.030534
0.348485 0.651515
0.094488 0.905512
0.371795 0.628205
0.393869 0.606131
0.394701 0.605299
0.999999 0.000001
0.061093 0.938907
0.041958 0.958042
0.041958 0.958042
0.041958 0.958042
0.395536 0.604464
0.335473 0.664527
0.337055 0.662945
0.256410 0.743590
0.260870 0.739130
0.396372 0.603628
0.017857 0.982143
0.950000 0.050000
0.999999 0.000001
0.976190 0.023810
0.722772 0.277228
0.219269 0.780731
0.397210 0.602790
0.221393 0.778607
0.308550 0.691450
0.495495 0.504505
0.218075 0.781925
0.623932 0.376068
0.095745 0.904255
0.203883 0.796117
0.393862 0.606138
0.398050 0.601950
0.720280 0.279720
0.690608 0.309392
0.529412 0.470588
0.338912 0.661088
0.812500 0.187500
0.133929 0.866071
0.843137 0.156863
0.843137 0.156863
0.488688 0.511312
0.673469 0.326531
0.673469 0.326531
0.398891 0.601109
0.093023 0.906977
0.093023 0.906977
0.399735 0.600265
0.400580 0.599420
0.266129 0.733871
0.266129 0.733871
0.266129 0.733871
0.068702 0.931298
0.338645 0.661355
0.401427 0.598573
0.450704 0.549296
0.449541 0.550459
0.354839 0.645161
0.354839 0.645161
0.354839 0.645161
0.709677 0.290323
0.709677 0.290323
0.140625 0.859375
0.140625 0.859375
0.140625 0.859375
0.251613 0.748387
0.251613 0.748387
0.251613 0.748387
0.246862 0.753138
0.183333 0.816667
0.184615 0.815385
0.184615 0.815385
0.402275 0.597725
0.354331 0.645669
0.354331 0.645669
0.039474 0.960526
0.245033 0.754967
0.155556 0.844444
0.155556 0.844444
0.076923 0.923077
0.966387 0.033613
0.971119 0.028881
0.966387 0.033613
0.795455 0.204545
0.478528 0.521472
0.500000 0.500000
0.322430 0.677570
0.466667 0.533333
0.575758 0.424242
0.207921 0.792079
0.147541 0.852459
0.108696 0.891304
0.976048 0.023952
0.787234 0.212766
0.086957 0.913043
0.403126 0.596874
0.403978 0.596022
0.645161 0.354839
0.645161 0.354839
0.645161 0.354839
0.404832 0.595168
0.405688 0.594312
0.080645 0.919355
0.080645 0.919355
0.102564 0.897436
0.097959 0.902041
0.102564 0.897436
0.668085 0.331915
0.578378 0.421622
0.257143 0.742857
0.032086 0.967914
0.032086 0.967914
0.032086 0.967914
0.173913 0.826087
0.491071 0.508929
0.491071 0.508929
0.491071 0.508929
0.644444 0.355556
0.644444 0.355556
0.644444 0.355556
0.272340 0.727660
0.307692 0.692308
0.281513 0.718487
0.272340 0.727660
0.221311 0.778689
0.406546 0.593454
0.407405 0.592595
0.471204 0.528796
0.568627 0.431373
0.568627 0.431373
0.568627 0.431373
0.594059 0.405941
0.616822 0.383178
0.019355 0.980645
0.115385 0.884615
0.293233 0.706767
0.043796 0.956204
0.043796 0.956204
0.313043 0.686957
0.444444 0.555556
0.444444 0.555556
0.444444 0.555556
0.444444 0.555556
0.149321 0.850679
0.584000 0.416000
0.584000 0.416000
0.584000 0.416000
0.320755 0.679245
0.080000 0.920000
0.114650 0.885350
0.248276 0.751724
0.248276 0.751724
0.694915 0.305085
0.658537 0.341463
0.658537 0.341463
0.095745 0.904255
0.368000 0.632000
0.352459 0.647541
0.425743 0.574257
0.538720 0.461280
0.408267 0.591733
0.539480 0.460520
0.409130 0.590870
0.617647 0.382353
0.672932 0.327068
0.926606 0.073394
0.926606 0.073394
0.904000 0.096000
0.926606 0.073394
0.409995 0.590005
0.523810 0.476190
0.523466 0.476534
0.999999 0.000001
0.109375 0.890625
0.093750 0.906250
0.093750 0.906250
0.067416 0.932584
0.654321 0.345679
0.654321 0.345679
0.999999 0.000001
0.999999 0.000001
0.155844 0.844156
0.900000 0.100000
0.900000 0.100000
0.284404 0.715596
0.055556 0.944444
0.540241 0.459759
0.136882 0.863118
0.067164 0.932836
0.340242 0.659758
0.410862 0.589138
0.025424 0.974576
0.750000 0.250000
0.910112 0.089888
0.411730 0.588270
0.130435 0.869565
0.137255 0.862745
0.243750 0.756250
0.243750 0.756250
0.141509 0.858491
0.141509 0.858491
0.836066 0.163934
0.836066 0.163934
0.288889 0.711111
0.288889 0.711111
0.576471 0.423529
0.091837 0.908163
0.928571 0.071429
0.577689 0.422311
0.932203 0.067797
0.932203 0.067797
0.025210 0.974790
0.999999 0.000001
0.870968 0.129032
0.452632 0.547368
0.452632 0.547368
0.412601 0.587399
0.016667 0.983333
0.022556 0.977444
0.022556 0.977444
0.999999 0.000001
0.999999 0.000001
0.086957 0.913043
0.578947 0.421053
0.338028 0.661972
0.578947 0.421053
0.972028 0.027972
0.965517 0.034483
0.790576 0.209424
0.461538 0.538462
0.165138 0.834862
0.083333 0.916667
0.078947 0.921053
0.965517 0.034483
0.999999 0.000001
0.999999 0.000001
0.428571 0.571429
0.428571 0.571429
0.468354 0.531646
0.144578 0.855422
0.144578 0.855422
0.999999 0.000001
0.166667 0.833333
0.166667 0.833333
0.743590 0.256410
0.483333 0.516667
0.354839 0.645161
0.354839 0.645161
0.586207 0.413793
0.586207 0.413793
0.586207 0.413793
0.578947 0.421053
0.155556 0.844444
0.541003 0.458997
0.123288 0.876712
0.999999 0.000001
0.999999 0.000001
0.902439 0.097561
0.418848 0.581152
0.146953 0.853047
0.413473 0.586527
0.385321 0.614679
0.999999 0.000001
0.748768 0.251232
0.999999 0.000001
0.258065 0.741935
0.258065 0.741935
0.258065 0.741935
0.414347 0.585653
0.541766 0.458234
0.015152 0.984848
0.028846 0.971154
0.351064 0.648936
0.321429 0.678571
0.823529 0.176471
0.767123 0.232877
0.823529 0.176471
0.999999 0.000001
0.315789 0.684211
0.315789 0.684211
0.325301 0.674699
0.315789 0.684211
0.315789 0.684211
0.433333 0.566667
0.433333 0.566667
0.250000 0.750000
0.083333 0.916667
0.542530 0.457470
0.999999 0.000001
0.894737 0.105263
0.999999 0.000001
0.258741 0.741259
0.471698 0.528302
0.471698 0.528302
0.330709 0.669291
0.236453 0.763547
0.330709 0.669291
0.999999 0.000001
0.999999 0.000001
0.999999 0.000001
0.163043 0.836957
0.864407 0.135593
0.073171 0.926829
0.483871 0.516129
0.483871 0.516129
0.545455 0.454545
0.543296 0.456704
0.882353 0.117647
0.882353 0.117647
0.280000 0.720000
0.032609 0.967391
0.287671 0.712329
0.141732 0.858268
0.999999 0.000001
0.544062 0.455938
0.563636 0.436364
0.862069 0.137931
0.728155 0.271845
0.862069 0.137931
0.410714 0.589286
0.446429 0.553571
0.544829 0.455171
0.410714 0.589286
0.415223 0.584777
0.545598 0.454402
0.546367 0.453633
0.862069 0.137931
0.029412 0.970588
0.029412 0.970588
0.029412 0.970588
0.416667 0.583333
0.083333 0.916667
0.547138 0.452862
0.547909 0.452091
0.548682 0.451318
0.819209 0.180791
0.606557 0.393443
0.095238 0.904762
0.095238 0.904762
0.095238 0.904762
0.095238 0.904762
0.897436 0.102564
0.897436 0.102564
0.500000 0.500000
0.300000 0.700000
0.203390 0.796610
0.727273 0.272727
0.756757 0.243243
0.727273 0.272727
0.999999 0.000001
0.189474 0.810526
0.999999 0.000001
0.999999 0.000001
0.549456 0.450544
0.550231 0.449769
0.109091 0.890909
0.324561 0.675439
0.078431 0.921569
0.109091 0.890909
0.117647 0.882353
0.070707 0.929293
0.551007 0.448993
0.551784 0.448216
0.250000 0.750000
0.066667 0.933333
0.552563 0.447437
0.999999 0.000001
0.999999 0.000001
0.162162 0.837838
0.162162 0.837838
0.162162 0.837838
0.553342 0.446658
0.554122 0.445878
0.554904 0.445096
0.065934 0.934066
0.065934 0.934066
0.065934 0.934066
0.520000 0.480000
0.520000 0.480000
0.520000 0.480000
0.555687 0.444313
0.556470 0.443530
0.999999 0.000001
0.999999 0.000001
0.557255 0.442745
0.558041 0.441959
0.558828 0.441172
0.015152 0.984848
0.397590 0.602410
0.230769 0.769231
0.230769 0.769231
0.032609 0.967391
0.032609 0.967391
0.400000 0.600000
0.130435 0.869565
0.070588 0.929412
0.538462 0.461538
0.023622 0.976378
0.310345 0.689655
0.999999 0.000001
0.999999 0.000001
0.075949 0.924051
0.075949 0.924051
0.065934 0.934066
0.360000 0.640000
0.360000 0.640000
0.078947 0.921053
0.078947 0.921053
0.559617 0.440383
0.061728 0.938272
0.560406 0.439594
0.999999 0.000001
0.999999 0.000001
0.999999 0.000001
0.561196 0.438804
0.561988 0.438012
0.800000 0.200000
0.840000 0.160000
0.840000 0.160000
0.840000 0.160000
0.294118 0.705882
0.294118 0.705882
0.562780 0.437220
0.896104 0.103896
0.563574 0.436426
0.309524 0.690476
0.709091 0.290909
0.140625 0.859375
0.140625 0.859375
0.153846 0.846154
0.428571 0.571429
0.428571 0.571429
0.428571 0.571429
0.428571 0.571429
0.428571 0.571429
0.864407 0.135593
0.600000 0.400000
0.600000 0.400000
0.600000 0.400000
0.600000 0.400000
0.999999 0.000001
0.226415 0.773585
0.564369 0.435631
0.565165 0.434835
0.565962 0.434038
0.999999 0.000001
0.428571 0.571429
0.999999 0.000001
0.999999 0.000001
0.046154 0.953846
0.046154 0.953846
0.046154 0.953846
0.046154 0.953846
0.120000 0.880000
0.180000 0.820000
0.262295 0.737705
0.875000 0.125000
0.187500 0.812500
0.333333 0.666667
0.333333 0.666667
0.566760 0.433240
0.478258 0.521742
0.567560 0.432440
0.568360 0.431640
0.569162 0.430838
0.586207 0.413793
0.586207 0.413793
0.586207 0.413793
0.569965 0.430035
0.062500 0.937500
0.444444 0.555556
0.999999 0.000001
0.570769 0.429231
0.473684 0.526316
0.473684 0.526316
0.555556 0.444444
0.571574 0.428426
0.482813 0.517187
0.572380 0.427620
0.999999 0.000001
0.999999 0.000001
0.999999 0.000001
0.352941 0.647059
0.999999 0.000001
0.999999 0.000001
0.999999 0.000001
0.999999 0.000001
0.999999 0.000001
0.692308 0.307692
0.692308 0.307692
0.290323 0.709677
0.777778 0.222222
0.999999 0.000001
0.345455 0.654545
0.573187 0.426813
0.512195 0.487805
0.428571 0.571429
0.053571 0.946429
0.049180 0.950820
0.573996 0.426004
0.338710 0.661290
0.166667 0.833333
0.555556 0.444444
0.555556 0.444444
0.555556 0.444444
0.555556 0.444444
0.999999 0.000001
0.428571 0.571429
0.230769 0.769231
0.230769 0.769231
0.755102 0.244898
0.081081 0.918919
0.227273 0.772727
0.999999 0.000001
0.999999 0.000001
0.055556 0.944444
0.032609 0.967391
0.538462 0.461538
0.230769 0.769231
0.999999 0.000001
0.999999 0.000001
0.999999 0.000001
0.529412 0.470588
0.333333 0.666667
0.529412 0.470588
0.083333 0.916667
0.083333 0.916667
0.355932 0.644068
0.999999 0.000001
0.220000 0.780000
0.999999 0.000001
0.999999 0.000001
0.999999 0.000001
0.999999 0.000001
0.063830 0.936170
0.063830 0.936170
0.247788 0.752212
0.256881 0.743119
0.574805 0.425195
0.575616 0.424384
0.576428 0.423572
0.577241 0.422759
0.230769 0.769231
0.230769 0.769231
0.578055 0.421945
0.862069 0.137931
0.862069 0.137931
0.578870 0.421130
0.579687 0.420313
0.310345 0.689655
0.310345 0.689655
0.789474 0.210526
0.789474 0.210526
0.789474 0.210526
0.319149 0.680851
0.500000 0.500000
0.580504 0.419496
0.092308 0.907692
0.581323 0.418677
0.582143 0.417857
0.571429 0.428571
0.999999 0.000001
0.999999 0.000001
0.999999 0.000001
0.652174 0.347826
0.652174 0.347826
0.652174 0.347826
0.582964 0.417036
0.223881 0.776119
0.378788 0.621212
0.459016 0.540984
0.583786 0.416214
0.584610 0.415390
0.585434 0.414566
0.487411 0.512589
0.508475 0.491525
0.107143 0.892857
0.999999 0.000001
0.999999 0.000001
0.999999 0.000001
0.999999 0.000001
0.586260 0.413740
0.492053 0.507947
0.999999 0.000001
0.999999 0.000001
0.999999 0.000001
0.587087 0.412913
0.999999 0.000001
0.999999 0.000001
0.999999 0.000001
0.999999 0.000001
0.176471 0.823529
0.587915 0.412085
0.588744 0.411256
0.589574 0.410426
0.590406 0.409594
0.591239 0.408761
0.592073 0.407927
0.272727 0.727273
0.272727 0.727273
0.272727 0.727273
0.999999 0.000001
0.999999 0.000001
0.999999 0.000001
0.999999 0.000001
0.592908 0.407092
0.593744 0.406256
0.253012 0.746988
0.600000 0.400000
0.999999 0.000001
0.999999 0.000001
0.818182 0.181818
0.692308 0.307692
0.692308 0.307692
0.428571 0.571429
0.428571 0.571429
0.594581 0.405419
0.595420 0.404580
0.596260 0.403740
0.597101 0.402899
0.597943 0.402057
0.999999 0.000001
0.598786 0.401214
0.599631 0.400369
0.600477 0.399523
0.601324 0.398676
0.200000 0.800000
0.428571 0.571429
0.999999 0.000001
0.999999 0.000001
0.602172 0.397828
0.999999 0.000001
0.603021 0.396979
0.999999 0.000001
0.999999 0.000001
0.603872 0.396128
0.604723 0.395277
0.605576 0.394424
0.606430 0.393570
0.750000 0.250000
0.999999 0.000001
0.999999 0.000001
0.999999 0.000001
0.999999 0.000001
0.250000 0.750000
0.250000 0.750000
0.999999 0.000001
0.176471 0.823529
0.176471 0.823529
0.176471 0.823529
0.607286 0.392714
0.608142 0.391858
0.609000 0.391000
0.428571 0.571429
0.789474 0.210526
0.150000 0.850000
0.609859 0.390141
0.999999 0.000001
0.999999 0.000001
0.610719 0.389281
0.611580 0.388420
0.612443 0.387557
0.613307 0.386693
0.614172 0.385828
0.999999 0.000001
0.999999 0.000001
0.999999 0.000001
0.142857 0.857143
0.142857 0.857143
0.615038 0.384962
0.615906 0.384094
0.616774 0.383226
0.617644 0.382356
0.250000 0.750000
0.999999 0.000001
0.999999 0.000001
0.496739 0.503261
0.618515 0.381485
0.619388 0.380612
0.750000 0.250000
0.999999 0.000001
0.999999 0.000001
0.999999 0.000001
0.125000 0.875000
0.677419 0.322581
0.999999 0.000001
0.428571 0.571429
0.428571 0.571429
0.190476 0.809524
0.250000 0.750000
0.999999 0.000001
0.750000 0.250000
0.750000 0.250000
0.999999 0.000001
0.999999 0.000001
0.636364 0.363636
0.636364 0.363636
0.200000 0.800000
0.620261 0.379739
0.621136 0.378864
0.622012 0.377988
0.622890 0.377110
0.600000 0.400000
0.999999 0.000001
0.999999 0.000001
0.428571 0.571429
0.428571 0.571429
0.529412 0.470588
0.623768 0.376232
0.624648 0.375352
0.999999 0.000001
0.999999 0.000001
0.625529 0.374471
0.999999 0.000001
0.999999 0.000001
0.999999 0.000001
0.626411 0.373589
0.627295 0.372705
0.999999 0.000001
0.999999 0.000001
0.999999 0.000001
0.999999 0.000001
0.272727 0.727273
0.272727 0.727273
0.272727 0.727273
0.272727 0.727273
0.272727 0.727273
0.628179 0.371821
0.629065 0.370935
0.629953 0.370047
0.630841 0.369159
0.631731 0.368269
0.428571 0.571429
0.428571 0.571429
0.999999 0.000001
0.428571 0.571429
0.428571 0.571429
0.428571 0.571429
0.999999 0.000001
0.999999 0.000001
0.632622 0.367378
0.857143 0.142857
0.857143 0.142857
0.428571 0.571429
0.633514 0.366486
0.634408 0.365592
0.635303 0.364697
0.272727 0.727273
0.272727 0.727273
0.600000 0.400000
0.600000 0.400000
0.636199 0.363801
0.999999 0.000001
0.999999 0.000001
0.999999 0.000001
0.999999 0.000001
0.999999 0.000001
0.999999 0.000001
0.637096 0.362904
0.999999 0.000001
0.428571 0.571429
0.428571 0.571429
0.637995 0.362005
0.638894 0.361106
0.639796 0.360204
0.640698 0.359302
0.641602 0.358398
0.642507 0.357493
0.501470 0.498530
0.643413 0.356587
0.999999 0.000001
0.999999 0.000001
0.999999 0.000001
0.644320 0.355680
0.645229 0.354771
0.646139 0.353861
0.647050 0.352950
0.647963 0.352037
0.648877 0.351123
0.649792 0.350208
0.650709 0.349291
0.999999 0.000001
0.999999 0.000001
0.999999 0.000001
0.999999 0.000001
0.428571 0.571429
0.428571 0.571429
0.999999 0.000001
0.999999 0.000001
0.999999 0.000001
0.999999 0.000001
0.999999 0.000001
0.999999 0.000001
0.999999 0.000001
0.999999 0.000001
0.428571 0.571429
0.666667 0.333333
0.651626 0.348374
0.999999 0.000001
0.506246 0.493754
0.511067 0.488933
0.515935 0.484065
0.652545 0.347455
0.653466 0.346534
0.654388 0.345612
0.655311 0.344689
0.656235 0.343765
0.520848 0.479152
0.657160 0.342840
0.999999 0.000001
0.999999 0.000001
0.999999 0.000001
0.999999 0.000001
0.999999 0.000001
0.999999 0.000001
0.999999 0.000001
0.999999 0.000001
0.999999 0.000001
0.658087 0.341913
0.659015 0.340985
0.999999 0.000001
0.999999 0.000001
0.999999 0.000001
0.636364 0.363636
0.636364 0.363636
0.999999 0.000001
0.999999 0.000001
0.999999 0.000001
0.999999 0.000001
0.999999 0.000001
0.659945 0.340055
0.999999 0.000001
0.999999 0.000001
0.999999 0.000001
0.999999 0.000001
0.660876 0.339124
0.661808 0.338192
0.662741 0.337259
0.999999 0.000001
0.663676 0.336324
0.664612 0.335388
0.665549 0.334451
0.600000 0.400000
0.666488 0.333512
0.667428 0.332572
0.668370 0.331630
0.999999 0.000001
0.999999 0.000001
0.999999 0.000001
0.999999 0.000001
0.999999 0.000001
0.999999 0.000001
0.669312 0.330688
0.999999 0.000001
0.999999 0.000001
0.999999 0.000001
0.999999 0.000001
0.999999 0.000001
0.999999 0.000001
0.999999 0.000001
0.999999 0.000001
0.428571 0.571429
0.428571 0.571429
0.428571 0.571429
0.999999 0.000001
0.999999 0.000001
0.999999 0.000001
0.670256 0.329744
0.671202 0.328798
0.999999 0.000001
0.672148 0.327852
0.673096 0.326904
0.674046 0.325954
0.999999 0.000001
0.999999 0.000001
0.999999 0.000001
0.999999 0.000001
0.674996 0.325004
0.675948 0.324052
0.676902 0.323098
0.999999 0.000001
0.999999 0.000001
0.677857 0.322143
0.999999 0.000001
0.999999 0.000001
0.999999 0.000001
0.999999 0.000001
0.678813 0.321187
0.428571 0.571429
0.999999 0.000001
0.999999 0.000001
0.999999 0.000001
0.999999 0.000001
0.999999 0.000001
0.999999 0.000001
0.679770 0.320230
0.680729 0.319271
0.681689 0.318311
0.682650 0.317350
0.999999 0.000001
0.999999 0.000001
0.999999 0.000001
0.999999 0.000001
0.683613 0.316387
0.999999 0.000001
0.999999 0.000001
0.999999 0.000001
0.999999 0.000001
0.999999 0.000001
0.999999 0.000001
0.999999 0.000001
0.684577 0.315423
0.999999 0.000001
0.999999 0.000001
0.685543 0.314457
0.686510 0.313490
0.687478 0.312522
0.999999 0.000001
0.999999 0.000001
0.999999 0.000001
0.999999 0.000001
0.688448 0.311552
0.999999 0.000001
0.999999 0.000001
0.999999 0.000001
0.999999 0.000001
0.999999 0.000001
0.428571 0.571429
0.999999 0.000001
0.999999 0.000001
0.999999 0.000001
0.999999 0.000001
0.689419 0.310581
0.999999 0.000001
0.999999 0.000001
0.999999 0.000001
0.690391 0.309609
0.691365 0.308635
0.999999 0.000001
0.999999 0.000001
0.999999 0.000001
0.999999 0.000001
0.999999 0.000001
0.999999 0.000001
0.999999 0.000001
0.999999 0.000001
0.999999 0.000001
0.999999 0.000001
0.999999 0.000001
0.692340 0.307660
0.693317 0.306683
0.999999 0.000001
0.999999 0.000001
0.999999 0.000001
0.999999 0.000001
0.999999 0.000001
0.999999 0.000001
0.999999 0.000001
0.999999 0.000001
0.999999 0.000001
0.694294 0.305706
0.695274 0.304726
0.999999 0.000001
0.999999 0.000001
0.999999 0.000001
0.999999 0.000001
0.999999 0.000001
0.999999 0.000001
0.999999 0.000001
0.999999 0.000001
0.999999 0.000001
0.999999 0.000001
0.696254 0.303746
0.697236 0.302764
0.698220 0.301780
0.699205 0.300795
0.999999 0.000001
0.999999 0.000001
0.999999 0.000001
0.999999 0.000001
0.999999 0.000001
0.999999 0.000001
0.700191 0.299809
0.701178 0.298822
0.702167 0.297833
0.703158 0.296842
0.999999 0.000001
0.999999 0.000001
0.999999 0.000001
0.999999 0.000001
0.999999 0.000001
0.999999 0.000001
0.999999 0.000001
0.999999 0.000001
0.999999 0.000001
0.704149 0.295851
0.999999 0.000001
0.999999 0.000001
0.999999 0.000001
0.999999 0.000001
0.999999 0.000001
0.999999 0.000001
0.999999 0.000001
0.999999 0.000001
0.705143 0.294857
0.999999 0.000001
0.999999 0.000001
0.999999 0.000001
0.999999 0.000001
0.999999 0.000001
0.999999 0.000001
0.999999 0.000001
0.999999 0.000001
0.999999 0.000001
0.999999 0.000001
0.999999 0.000001
0.999999 0.000001
0.999999 0.000001
0.999999 0.000001
0.706137 0.293863
0.707133 0.292867
0.999999 0.000001
0.999999 0.000001
0.999999 0.000001
0.999999 0.000001
0.999999 0.000001
0.999999 0.000001
0.999999 0.000001
0.999999 0.000001
0.999999 0.000001
0.999999 0.000001
0.999999 0.000001
0.999999 0.000001
0.999999 0.000001
0.999999 0.000001
0.708130 0.291870
0.709129 0.290871
0.710129 0.289871
0.999999 0.000001
0.999999 0.000001
0.999999 0.000001
0.999999 0.000001
0.999999 0.000001
0.999999 0.000001
0.999999 0.000001
0.999999 0.000001
0.999999 0.000001
0.999999 0.000001
0.999999 0.000001
0.999999 0.000001
0.999999 0.000001
0.999999 0.000001
0.999999 0.000001
0.999999 0.000001
0.999999 0.000001
0.999999 0.000001
0.999999 0.000001
0.999999 0.000001
0.999999 0.000001
0.999999 0.000001
0.999999 0.000001
0.999999 0.000001
0.999999 0.000001
0.999999 0.000001
0.711131 0.288869
0.999999 0.000001
0.999999 0.000001
0.999999 0.000001
0.999999 0.000001
0.999999 0.000001
0.999999 0.000001
0.712134 0.287866
