0.991000
0.045999
0.548000
0.076999
1.000000
0.137999
0.730000
0.972000
0.171999
0.041999
0.603000
0.536000
0.996000
0.922000
0.879000
0.202999
0.070999
0.145999
0.267999
0.765000
0.696000
0.415999
0.619000
0.030999
0.464999
0.183999
0.083999
0.149999
0.197999
0.212999
0.495999
0.283999
0.116999
0.041999
0.041999
0.999000
0.245999
0.041999
0.381999
0.031999
0.886000
0.883000
0.532000
0.574000
0.662000
0.993000
0.029999
0.129999
0.990000
0.312999
0.112999
0.175999
0.250999
0.238999
0.038999
0.574000
0.917000
0.041999
0.237999
0.031999
0.277999
0.211999
0.256999
0.033999
0.092999
0.861000
0.220999
0.773000
0.085999
0.051999
0.760000
0.038999
0.656000
0.109999
0.192999
0.693000
0.036999
0.093999
0.265999
0.312999
0.036999
0.048999
0.434999
0.160999
0.082999
0.411999
0.045999
0.400999
0.045999
0.043999
0.189999
0.555000
0.102999
0.048999
0.237999
0.364999
0.033999
0.029999
0.029999
0.707000
0.030999
0.385999
0.160999
0.225999
0.033999
0.093999
0.415999
0.943000
0.915000
0.270999
0.156999
0.046999
0.046999
0.676000
0.510000
0.048999
0.041999
0.041999
0.133999
0.437999
0.093999
0.394999
0.127999
0.099999
0.246999
0.313999
0.474999
0.118999
0.070999
0.068999
0.040999
0.040999
0.044999
0.044999
0.118999
0.043999
0.267999
0.273999
0.128999
0.045999
0.045999
0.045999
0.063999
0.037999
0.064999
0.142999
0.174999
0.029999
0.064999
0.068999
0.124999
0.043999
0.083999
0.048999
0.160999
0.037999
0.111999
0.036999
0.130999
0.059999
0.036999
0.038999
0.038999
0.033999
0.033999
0.280999
0.034999
0.106999
0.122999
0.034999
0.065999
0.694000
0.038999
0.388999
0.044999
0.116999
0.241999
0.071999
0.032999
0.035999
0.081999
0.042999
0.063999
0.107999
0.032999
0.032999
0.033999
0.024999
0.024999
0.024999
0.027999
0.024999
0.449999
0.125999
0.063999
0.066999
0.070999
0.069999
0.040999
0.035999
0.023999
0.281999
0.051999
0.112999
0.112999
0.034999
0.076999
0.178999
0.178999
0.034999
0.044999
0.044999
0.359999
0.039999
0.039999
0.040999
0.040999
0.030999
0.106999
0.094999
0.043999
0.043999
0.167999
0.045999
0.791000
0.160999
0.163999
0.037999
0.034999
0.471999
0.108999
0.045999
0.243999
0.045999
0.038999
0.075999
0.052999
0.041999
0.033999
0.056999
0.037999
0.037999
0.083999
0.753000
0.431999
0.122999
0.125999
0.040999
0.137999
0.041999
0.045999
0.049999
0.169999
0.145999
0.035999
0.176999
0.274999
0.135999
0.073999
0.142999
0.055999
0.055999
0.055999
0.351999
0.037999
0.077999
0.079999
0.284999
0.071999
0.495999
0.041999
0.037999
0.106999
0.120999
0.134999
0.025999
0.042999
0.085999
0.333999
0.097999
0.168999
0.097999
0.039999
0.040999
0.040999
0.201999
0.034999
0.034999
0.034999
0.069999
0.270999
0.114999
0.036999
0.036999
0.238999
0.117999
0.076999
0.038999
0.169999
0.033999
0.191999
0.035999
0.203999
0.034999
0.178999
0.097999
0.046999
0.303999
0.222999
0.039999
0.132999
0.064999
0.022999
0.045999
0.039999
0.039999
0.223999
0.028999
0.043999
0.045999
0.028999
0.029999
0.041999
0.108999
0.163999
0.040999
0.061999
0.043999
0.038999
0.082999
0.081999
0.095999
0.105999
0.367999
0.040999
0.087999
0.040999
0.292999
0.050999
0.109999
0.036999
0.241999
0.125999
0.030999
0.035999
0.033999
0.040999
0.034999
0.034999
0.034999
0.034999
0.041999
0.044999
0.038999
0.255999
0.199999
0.255999
0.065999
0.037999
0.065999
0.039999
0.039999
0.039999
0.041999
0.041999
0.260999
0.221999
0.038999
0.036999
0.040999
0.138999
0.037999
0.073999
0.210999
0.210999
0.033999
0.034999
0.041999
0.252999
0.043999
0.077999
0.139999
0.043999
0.061999
0.040999
0.033999
0.033999
0.045999
0.148999
0.045999
0.034999
0.034999
0.030999
0.030999
0.037999
0.028999
0.089999
0.086999
0.049999
0.046999
0.046999
0.047999
0.125999
0.083999
0.050999
0.034999
0.034999
0.062999
0.031999
0.102999
0.034999
0.045999
0.291999
0.034999
0.079999
0.084999
0.044999
0.211999
0.036999
0.036999
0.041999
0.073999
0.027999
0.041999
0.041999
0.032999
0.084999
0.087999
0.085999
0.047999
0.085999
0.068999
0.038999
0.038999
0.028999
0.043999
0.043999
0.088999
0.039999
0.097999
0.040999
0.069999
0.023999
0.033999
0.036999
0.036999
0.032999
0.098999
0.045999
0.044999
0.083999
0.148999
0.039999
0.037999
0.037999
0.037999
0.037999
0.036999
0.036999
0.038999
0.040999
0.040999
0.028999
0.109999
0.032999
0.032999
0.032999
0.062999
0.042999
0.042999
0.075999
0.039999
0.163999
0.140999
0.030999
0.030999
0.030999
0.100999
0.034999
0.039999
0.039999
0.032999
0.115999
0.032999
0.086999
0.118999
0.032999
0.063999
0.076999
0.071999
0.036999
0.118999
0.043999
0.043999
0.043999
0.196999
0.031999
0.134999
0.048999
0.048999
0.040999
0.077999
0.035999
0.050999
0.050999
0.103999
0.042999
0.042999
0.056999
0.031999
0.056999
0.031999
0.054999
0.034999
0.034999
0.038999
0.033999
0.033999
0.033999
0.265999
0.083999
0.036999
0.036999
0.036999
0.030999
0.144999
0.030999
0.030999
0.030999
0.038999
0.038999
0.081999
0.031999
0.100999
0.080999
0.043999
0.032999
0.047999
0.032999
0.043999
0.072999
0.033999
0.033999
0.034999
0.035999
0.035999
0.038999
0.059999
0.027999
0.031999
0.031999
0.031999
0.037999
0.038999
0.102999
0.031999
0.041999
0.088999
0.091999
0.094999
0.030999
0.030999
0.039999
0.030999
0.041999
0.065999
0.129999
0.124999
0.077999
0.031999
0.033999
0.037999
0.032999
0.029999
0.035999
0.063999
0.037999
0.037999
0.073999
0.046999
0.048999
0.067999
0.067999
0.046999
0.028999
0.048999
0.078999
0.038999
0.038999
0.062999
0.068999
0.052999
0.035999
0.035999
0.035999
0.030999
0.042999
0.030999
0.150999
0.041999
0.033999
0.035999
0.051999
0.044999
0.044999
0.127999
0.033999
0.040999
0.051999
0.040999
0.038999
0.047999
0.047999
0.031999
0.053999
0.031999
0.050999
0.050999
0.043999
0.043999
0.043999
0.070999
0.040999
0.034999
0.034999
0.034999
0.054999
0.064999
0.035999
0.032999
0.032999
0.051999
0.032999
0.048999
0.137999
0.037999
0.036999
0.036999
0.040999
0.046999
0.032999
0.032999
0.050999
0.038999
0.038999
0.058999
0.034999
0.074999
0.038999
0.035999
0.030999
0.042999
0.041999
0.041999
0.034999
0.069999
0.032999
0.032999
0.032999
0.037999
0.038999
0.038999
0.062999
0.030999
0.038999
0.039999
0.042999
0.040999
0.045999
0.030999
0.072999
0.033999
0.100999
0.068999
0.030999
0.129999
0.034999
0.068999
0.049999
0.085999
0.037999
0.042999
0.052999
0.044999
0.063999
0.037999
0.027999
0.045999
0.045999
0.062999
0.029999
0.029999
0.033999
0.030999
0.030999
0.032999
0.032999
0.032999
0.032999
0.032999
0.031999
0.042999
0.019999
0.039999
0.028999
0.024999
0.024999
0.024999
0.036999
0.036999
0.031999
0.031999
0.031999
0.041999
0.041999
0.041999
0.123999
0.046999
0.033999
0.033999
0.025999
0.034999
0.034999
0.034999
0.039999
0.033999
0.033999
0.037999
0.032999
0.062999
0.032999
0.061999
0.045999
0.037999
0.057999
0.038999
0.053999
0.050999
0.029999
0.033999
0.043999
0.028999
0.046999
0.020999
0.037999
0.035999
0.035999
0.035999
0.024999
0.024999
0.042999
0.042999
0.028999
0.059999
0.028999
0.054999
0.042999
0.027999
0.044999
0.044999
0.044999
0.046999
0.031999
0.031999
0.031999
0.040999
0.040999
0.040999
0.060999
0.031999
0.061999
0.060999
0.031999
0.043999
0.043999
0.084999
0.029999
0.029999
0.029999
0.029999
0.031999
0.034999
0.032999
0.035999
0.032999
0.032999
0.030999
0.024999
0.024999
0.024999
0.024999
0.052999
0.035999
0.035999
0.035999
0.028999
0.034999
0.076999
0.038999
0.038999
0.085999
0.024999
0.024999
0.022999
0.033999
0.032999
0.027999
0.030999
0.030999
0.030999
0.030999
0.028999
0.064999
0.031999
0.031999
0.036999
0.031999
0.033999
0.048999
0.064999
0.033999
0.030999
0.023999
0.023999
0.021999
0.023999
0.023999
0.033999
0.033999
0.038999
0.023999
0.023999
0.028999
0.025999
0.035999
0.065999
0.033999
0.029999
0.025999
0.025999
0.018999
0.023999
0.031999
0.039999
0.037999
0.042999
0.042999
0.026999
0.026999
0.034999
0.034999
0.035999
0.035999
0.024999
0.023999
0.017999
0.064999
0.018999
0.018999
0.027999
0.037999
0.045999
0.026999
0.026999
0.025999
0.041999
0.030999
0.030999
0.027999
0.027999
0.032999
0.021999
0.036999
0.021999
0.043999
0.034999
0.055999
0.041999
0.027999
0.024999
0.044999
0.027999
0.025999
0.025999
0.019999
0.019999
0.021999
0.020999
0.020999
0.034999
0.026999
0.026999
0.023999
0.032999
0.025999
0.025999
0.025999
0.025999
0.025999
0.021999
0.034999
0.031999
0.049999
0.017999
0.018999
0.025999
0.049999
0.064999
0.021999
0.029999
0.018999
0.051999
0.018999
0.024999
0.024999
0.024999
0.021999
0.021999
0.044999
0.022999
0.025999
0.022999
0.019999
0.020999
0.019999
0.015999
0.020999
0.020999
0.022999
0.020999
0.020999
0.024999
0.024999
0.024999
0.016999
0.022999
0.012999
0.028999
0.012999
0.035999
0.014999
0.014999
0.034999
0.052999
0.034999
0.025999
0.025999
0.025999
0.023999
0.017999
0.019999
0.017999
0.017999
0.015999
0.014999
0.019999
0.019999
0.019999
0.021999
0.019999
0.031999
0.015999
0.016999
0.015999
0.016999
0.029999
0.016999
0.056999
0.042999
0.020999
0.056999
0.023999
0.023999
0.023999
0.016999
0.023999
0.023999
0.023999
0.022999
0.017999
0.019999
0.019999
0.019999
0.045999
0.017999
0.015999
0.015999
0.015999
0.015999
0.011999
0.011999
0.020999
0.020999
0.014999
0.033999
0.037999
0.033999
0.017999
0.024999
0.015999
0.015999
0.016999
0.016999
0.013999
0.028999
0.035999
0.013999
0.024999
0.021999
0.019999
0.019999
0.012999
0.029999
0.016999
0.010999
0.010999
0.018999
0.018999
0.018999
0.014999
0.019999
0.017999
0.019999
0.019999
0.019999
0.021999
0.021999
0.021999
0.017999
0.012999
0.009999
0.009999
0.016999
0.016999
0.016999
0.043999
0.022999
0.006999
0.006999
0.021999
0.021999
0.016999
0.011999
0.019999
0.014999
0.028999
0.007999
0.015999
0.015999
0.019999
0.019999
0.022999
0.013999
0.013999
0.018999
0.018999
0.025999
0.036999
0.025999
0.011999
0.011999
0.011999
0.014999
0.014999
0.017999
0.015999
0.015999
0.015999
0.013999
0.013999
0.014999
0.022999
0.014999
0.010999
0.016999
0.015999
0.015999
0.019999
0.011999
0.011999
0.011999
0.011999
0.011999
0.017999
0.008999
0.008999
0.008999
0.008999
0.014999
0.063999
0.012999
0.008999
0.008999
0.009999
0.009999
0.013999
0.013999
0.015999
0.015999
0.015999
0.015999
0.011999
0.012999
0.015999
0.009999
0.007999
0.004999
0.004999
0.012999
0.013999
0.011999
0.011999
0.011999
0.007999
0.007999
0.007999
0.011999
0.011999
0.021999
0.006999
0.005999
0.010999
0.010999
0.012999
0.011999
0.012999
0.011999
0.011999
0.011999
0.011999
0.013999
0.006999
0.006999
0.006999
0.006999
0.006999
0.007999
0.007999
0.016999
0.010999
0.010999
0.014999
0.007999
0.011999
0.009999
0.012999
0.013999
0.013999
0.016999
0.008999
0.007999
0.007999
0.007999
0.007999
0.009999
0.011999
0.012999
0.012999
0.014999
0.008999
0.010999
0.012999
0.012999
0.012999
0.021999
0.012999
0.006999
0.004999
0.011999
0.011999
0.009999
0.013999
0.009999
0.007999
0.007999
0.015999
0.002999
0.011999
0.002999
0.002999
0.006999
0.009999
0.010999
0.010999
0.027999
0.026999
0.009999
0.007999
0.007999
0.011999
0.006999
0.006999
0.005999
0.008999
0.008999
0.004999
0.008999
0.007999
0.007999
0.005999
0.005999
0.005999
0.011999
0.006999
0.008999
0.014999
0.005999
0.004999
0.007999
0.007999
0.007999
0.007999
0.006999
0.006999
0.006999
0.005999
0.016999
0.017999
0.016999
0.005999
0.005999
0.008999
0.008999
0.016999
0.006999
0.003999
0.003999
0.003999
0.003999
0.005999
0.007999
0.000999
0.000999
0.000999
0.004999
0.004999
0.001999
0.003999
0.003999
0.008999
0.003999
0.007999
0.005999
0.007999
0.007999
0.005999
0.002999
0.002999
0.002999
0.007999
0.007999
0.014999
0.014999
0.002999
0.002999
0.019999
0.005999
0.004999
0.004999
0.006999
0.003999
0.003999
0.001999
0.001999
0.004999
0.004999
0.001999
0.004999
0.004999
0.008999
0.003999
0.003999
0.003999
0.003999
0.003999
0.003999
0.003999
0.003999
0.004999
0.003999
0.001999
0.007999
0.004999
0.005999
0.005999
0.005999
0.005999
0.004999
0.001999
0.001999
0.001999
0.001999
0.005999
0.005999
0.002999
0.007999
0.007999
0.007999
0.005999
0.005999
0.005999
0.001999
0.005999
0.004999
0.001999
0.004999
0.004999
0.005999
0.006999
0.006999
0.003999
0.003999
0.003999
0.003999
0.003999
0.004999
0.004999
0.008999
0.008999
0.000999
0.000999
0.002999
0.000999
0.000999
0.005999
0.004999
0.004999
0.004999
0.000999
0.000999
0.000999
0.005999
0.007999
0.005999
0.001999
0.001999
0.004999
0.003999
0.003999
0.004999
0.004999
0.002999
0.002999
0.002999
0.002999
0.003999
0.000999
0.000999
0.002999
0.002999
0.002999
0.004999
0.004999
0.001999
0.001999
0.004999
0.003999
0.001999
0.000999
0.000999
0.002999
0.001999
0.001999
0.002999
0.003999
0.003999
0.000999
0.000999
0.001999
0.001999
0.005999
0.005999
0.005999
0.005999
0.005999
0.000999
0.001999
0.001999
0.001999
0.001999
0.001999
0.001999
0.001999
0.001999
0.001999
0.001999
0.000999
0.000999
0.005999
0.008999
0.008999
0.001999
0.001999
0.001999
0.003999
0.002999
0.002999
0.002999
0.002999
0.002999
0.000999
0.000999
0.000999
0.000999
0.000999
0.000999
0.001999
0.000000
0.001999
0.003999
0.002999
0.001999
0.000999
0.000999
0.001999
0.001999
0.002999
0.000999
0.001999
0.000999
0.000999
0.000999
0.000999
0.000999
0.000999
0.000999
0.004999
0.001999
0.001999
0.000999
0.000000
0.000000
0.000999
0.001999
0.001999
0.001999
0.001999
0.000999
0.000999
0.002999
0.002999
0.000999
0.000999
0.001999
0.002999
0.002999
0.000999
0.005999
0.005999
0.005999
0.002999
0.002999
0.002999
0.000999
0.000999
0.000999
0.002999
0.000000
0.000000
0.000000
0.000000
0.000000
0.000000
0.000000
0.000000
0.000000
0.001999
0.001999
0.000000
0.000000
0.000000
0.002999
0.002999
0.000000
0.000000
0.000000
0.000000
0.000000
0.000999
0.000000
0.001999
0.000000
0.000000
0.002999
0.002999
0.002999
0.000000
0.000999
0.000999
0.000999
0.002999
0.000999
0.000999
0.000999
0.001999
0.000999
0.000999
0.000999
0.001999
0.001999
0.000999
0.000000
0.000000
0.000000
0.000000
0.000999
0.000999
0.000000
0.000000
0.003999
0.003999
0.003999
0.000999
0.000000
0.000000
0.000999
0.000999
0.000000
0.001999
0.001999
0.000999
0.000999
0.000000
0.000000
0.000000
0.001999
0.001999
0.001999
0.000000
0.000000
0.000999
0.002999
0.002999
0.002999
0.002999
0.000999
0.001999
0.000000
0.000000
0.000000
0.000999
0.000000
0.000000
0.000999
0.000999
0.000999
0.000999
0.000000
0.000000
0.000000
0.000999
0.000999
0.000000
0.000000
0.000999
0.000999
0.000000
0.001999
0.001999
0.000999
0.000999
0.000999
0.000999
0.000999
0.000999
0.000000
0.000000
0.000000
0.000000
0.000999
0.000000
0.000000
0.000000
0.000000
0.000000
0.001999
0.000999
0.000999
0.000000
0.000000
0.000999
0.000000
0.000000
0.000000
0.000999
0.000999
0.000000
0.000000
0.000000
0.000000
0.000000
0.000000
0.000000
0.000000
0.000000
0.000000
0.000000
0.000999
0.000999
0.000000
0.000000
0.000000
0.000000
0.000999
0.000000
0.000000
0.000000
0.000000
0.001999
0.001999
0.000000
0.000000
0.000000
0.000000
0.000000
0.000000
0.001999
0.001999
0.000999
0.000999
0.000999
0.000999
0.000999
0.000999
0.000000
0.000000
0.000000
0.000000
0.000999
0.000000
0.000999
0.000999
0.000999
0.000999
0.001999
0.001999
0.000000
0.000000
0.000000
0.000999
0.000000
0.000000
0.000000
0.000999
0.000000
0.001999
0.001999
0.001999
0.000000
0.000000
0.000000
0.000000
0.000999
0.000999
0.000999
0.000000
0.000999
0.000999
0.000999
0.000999
0.000999
0.000000
0.000000
0.000000
0.000000
0.000000
0.000000
0.000999
0.000999
0.000000
0.000000
0.000000
0.000000
0.000000
0.000000
0.000000
0.000000
0.000000
0.000000
0.000000
0.000000
0.000000
0.000000
0.000999
0.000999
0.000999
0.000000
0.000000
0.000000
0.000000
0.000000
0.000000
0.000000
0.000000
0.000000
0.000000
0.000000
0.000000
0.000000
0.000999
0.000000
0.000000
0.000000
0.000999
0.000999
0.000999
0.000000
0.000000
0.000000
0.000000
0.000000
0.000000
0.000999
0.000000
0.000000
0.000999
0.000999
0.000999
0.000000
0.001999