0.382496 0.617504
0.000000 1.000000
0.331782 0.668218
0.000000 1.000000
0.444970 0.555030
0.025437 0.974563
0.355024 0.644976
0.413315 0.586685
0.372774 0.627226
0.186047 0.813953
0.368696 0.631304
0.406636 0.593364
0.422333 0.577667
0.453764 0.546236
0.354521 0.645479
0.269583 0.730417
0.012232 0.987768
0.185600 0.814400
0.332514 0.667486
0.473582 0.526418
0.332021 0.667979
0.413726 0.586274
0.284615 0.715385
0.940299 0.059701
0.262495 0.737505
0.306452 0.693548
0.491713 0.508287
0.274170 0.725830
0.279822 0.720178
0.256332 0.743668
0.217478 0.782522
0.214177 0.785823
0.206960 0.793040
0.000000 1.000000
0.000000 1.000000
0.414303 0.585697
0.250211 0.749789
0.000000 1.000000
0.294944 0.705056
0.561538 0.438462
0.341972 0.658028
0.420760 0.579240
0.313354 0.686646
0.365398 0.634602
0.322019 0.677981
0.451479 0.548521
0.218750 0.781250
0.074324 0.925676
0.393842 0.606158
0.231343 0.768657
0.354478 0.645522
0.410564 0.589436
0.261674 0.738326
0.249770 0.750230
0.000000 1.000000
0.407358 0.592642
0.395095 0.604905
0.101010 0.898990
0.040109 0.959891
0.000000 1.000000
0.150842 0.849158
0.049793 0.950207
0.185277 0.814723
0.026144 0.973856
0.323232 0.676768
0.508545 0.491455
0.478011 0.521989
0.496326 0.503674
0.082262 0.917738
0.016194 0.983806
0.344380 0.655620
0.772152 0.227848
0.397810 0.602190
0.249489 0.750511
0.297136 0.702864
0.377535 0.622465
0.000000 1.000000
0.140553 0.859447
0.065969 0.934031
0.229640 0.770360
0.023392 0.976608
0.100000 0.900000
0.374347 0.625653
0.553867 0.446133
0.356725 0.643275
0.401631 0.598369
0.146597 0.853403
0.287327 0.712673
0.146597 0.853403
0.040816 0.959184
0.339581 0.660419
0.381039 0.618961
0.219873 0.780127
0.736318 0.263682
0.168807 0.831193
0.168391 0.831609
0.024845 0.975155
0.000000 1.000000
0.000000 1.000000
0.426927 0.573073
0.029412 0.970588
0.161863 0.838137
0.322206 0.677794
0.247573 0.752427
0.085106 0.914894
0.149626 0.850374
0.384357 0.615643
0.441109 0.558891
0.428835 0.571165
0.441957 0.558043
0.566917 0.433083
0.502591 0.497409
0.502591 0.497409
0.401606 0.598394
0.374809 0.625191
0.385787 0.614213
0.000000 1.000000
0.021277 0.978723
0.025357 0.974643
0.200959 0.799041
0.075650 0.924350
0.351570 0.648430
0.165202 0.834798
0.507368 0.492632
0.532544 0.467456
0.480277 0.519723
0.397000 0.603000
0.304094 0.695906
0.340984 0.659016
0.013029 0.986971
0.021622 0.978378
0.021622 0.978378
0.000000 1.000000
0.000000 1.000000
0.328063 0.671937
0.497175 0.502825
0.622843 0.377157
0.581123 0.418877
0.489051 0.510949
0.410811 0.589189
0.410811 0.589189
0.000000 1.000000
0.586885 0.413115
0.978142 0.021858
0.570064 0.429936
0.651347 0.348653
0.277344 0.722656
0.000000 1.000000
0.498258 0.501742
0.110345 0.889655
0.414802 0.585198
0.178771 0.821229
0.542936 0.457064
0.500000 0.500000
0.159618 0.840382
0.382166 0.617834
0.510460 0.489540
0.072289 0.927711
0.225859 0.774141
0.060606 0.939394
0.072289 0.927711
0.045198 0.954802
0.045198 0.954802
0.169014 0.830986
0.169014 0.830986
0.259080 0.740920
0.771429 0.228571
0.386892 0.613108
0.567426 0.432574
0.133333 0.866667
0.335766 0.664234
0.471481 0.528519
0.246914 0.753086
0.453470 0.546530
0.208333 0.791667
0.394118 0.605882
0.356026 0.643974
0.000000 1.000000
0.000000 1.000000
0.080537 0.919463
0.082418 0.917582
0.475798 0.524202
0.839161 0.160839
0.726316 0.273684
0.028986 0.971014
0.028986 0.971014
0.069444 0.930556
0.400000 0.600000
0.400000 0.600000
0.400000 0.600000
0.357143 0.642857
0.400000 0.600000
0.438613 0.561387
0.569686 0.430314
0.141343 0.858657
0.643636 0.356364
0.602041 0.397959
0.379195 0.620805
0.672619 0.327381
0.402597 0.597403
0.626263 0.373737
0.392643 0.607357
0.017094 0.982906
0.450098 0.549902
0.450098 0.549902
0.947712 0.052288
0.593548 0.406452
0.468940 0.531060
0.704938 0.295062
0.800000 0.200000
0.724868 0.275132
0.724868 0.275132
0.412763 0.587237
0.095808 0.904192
0.095808 0.904192
0.000000 1.000000
0.000000 1.000000
0.451613 0.548387
0.433962 0.566038
0.218362 0.781638
0.912088 0.087912
0.912088 0.087912
0.622721 0.377279
0.255319 0.744681
0.346792 0.653208
0.512386 0.487614
0.249386 0.750614
0.000000 1.000000
0.000000 1.000000
0.430223 0.569777
0.249453 0.750547
0.324607 0.675393
0.438766 0.561234
0.324607 0.675393
0.000000 1.000000
0.011268 0.988732
0.016194 0.983806
0.000000 1.000000
0.052980 0.947020
0.459916 0.540084
0.512821 0.487179
0.512821 0.487179
0.222222 0.777778
0.502363 0.497637
0.414132 0.585868
0.391389 0.608611
0.360281 0.639719
0.000000 1.000000
0.536946 0.463054
0.839080 0.160920
0.000000 1.000000
0.035556 0.964444
0.266067 0.733933
0.131693 0.868307
0.000000 1.000000
0.406135 0.593865
0.202429 0.797571
0.260802 0.739198
0.328125 0.671875
0.182708 0.817292
0.123348 0.876652
0.123348 0.876652
0.123348 0.876652
0.500000 0.500000
0.103226 0.896774
0.045845 0.954155
0.105882 0.894118
0.269953 0.730047
0.059524 0.940476
0.364051 0.635949
0.019704 0.980296
0.000000 1.000000
0.063618 0.936382
0.223077 0.776923
0.269492 0.730508
0.226415 0.773585
0.266667 0.733333
0.471910 0.528090
0.465798 0.534202
0.248858 0.751142
0.164474 0.835526
0.248858 0.751142
0.000000 1.000000
0.000000 1.000000
0.000000 1.000000
0.292222 0.707778
0.000000 1.000000
0.000000 1.000000
0.000000 1.000000
0.582237 0.417763
0.160385 0.839615
0.149606 0.850394
0.363636 0.636364
0.024242 0.975758
0.409212 0.590788
0.139535 0.860465
0.097859 0.902141
0.329193 0.670807
0.257888 0.742112
0.027397 0.972603
0.266022 0.733978
0.107383 0.892617
0.753700 0.246300
0.485714 0.514286
0.605911 0.394089
0.686869 0.313131
0.000000 1.000000
0.439373 0.560627
0.559600 0.440400
0.197531 0.802469
0.518883 0.481117
0.053512 0.946488
0.000000 1.000000
0.000000 1.000000
0.232558 0.767442
0.232558 0.767442
0.598527 0.401473
0.935484 0.064516
0.813131 0.186869
0.606061 0.393939
0.935484 0.064516
0.475354 0.524646
0.748768 0.251232
0.699360 0.300640
0.421189 0.578811
0.857143 0.142857
0.761905 0.238095
0.020000 0.980000
0.022857 0.977143
0.036939 0.963061
0.673410 0.326590
0.392500 0.607500
0.264831 0.735169
0.468767 0.531233
0.957672 0.042328
0.343284 0.656716
0.000000 1.000000
0.744883 0.255117
0.983402 0.016598
0.943434 0.056566
0.023121 0.976879
0.181818 0.818182
0.090592 0.909408
0.000000 1.000000
0.051948 0.948052
0.000000 1.000000
0.474910 0.525090
0.139860 0.860140
0.139860 0.860140
0.139860 0.860140
0.139860 0.860140
0.086957 0.913043
0.102041 0.897959
0.023256 0.976744
0.411717 0.588283
0.286530 0.713470
0.411717 0.588283
0.374101 0.625899
0.558442 0.441558
0.374101 0.625899
0.000000 1.000000
0.000000 1.000000
0.000000 1.000000
0.000000 1.000000
0.000000 1.000000
0.259542 0.740458
0.254527 0.745473
0.405063 0.594937
0.051613 0.948387
0.632530 0.367470
0.369416 0.630584
0.223602 0.776398
0.242690 0.757310
0.570477 0.429523
0.570477 0.429523
0.000000 1.000000
0.029412 0.970588
0.748571 0.251429
0.419008 0.580992
0.519774 0.480226
0.750000 0.250000
0.470305 0.529695
0.519774 0.480226
0.619403 0.380597
0.762712 0.237288
0.913669 0.086331
0.913669 0.086331
0.491979 0.508021
0.677661 0.322339
0.491979 0.508021
0.773050 0.226950
0.773050 0.226950
0.128000 0.872000
0.128000 0.872000
0.767742 0.232258
0.000000 1.000000
0.356132 0.643868
0.018779 0.981221
0.000000 1.000000
0.000000 1.000000
0.000000 1.000000
0.120192 0.879808
0.043029 0.956971
0.410405 0.589595
0.442308 0.557692
0.193103 0.806897
0.193103 0.806897
0.208178 0.791822
0.699248 0.300752
0.245399 0.754601
0.000000 1.000000
0.215054 0.784946
0.115091 0.884909
0.054422 0.945578
0.130178 0.869822
0.425068 0.574932
0.000000 1.000000
0.370644 0.629356
0.922581 0.077419
0.922581 0.077419
0.000000 1.000000
0.023739 0.976261
0.000000 1.000000
0.815029 0.184971
0.815029 0.184971
0.142857 0.857143
0.456044 0.543956
0.171053 0.828947
0.421053 0.578947
0.649746 0.350254
0.421053 0.578947
0.552239 0.447761
0.474466 0.525534
0.474022 0.525978
0.000000 1.000000
0.843575 0.156425
0.843575 0.156425
0.157480 0.842520
0.068182 0.931818
0.296471 0.703529
0.390476 0.609524
0.072289 0.927711
0.000000 1.000000
0.000000 1.000000
0.594595 0.405405
0.594595 0.405405
0.671642 0.328358
0.169811 0.830189
0.695652 0.304348
0.040816 0.959184
0.357527 0.642473
0.337858 0.662142
0.472050 0.527950
0.309677 0.690323
0.309677 0.690323
0.309677 0.690323
0.309677 0.690323
0.917722 0.082278
0.917722 0.082278
0.000000 1.000000
0.000000 1.000000
0.000000 1.000000
0.473577 0.526423
0.372913 0.627087
0.874214 0.125786
0.000000 1.000000
0.000000 1.000000
0.013605 0.986395
0.000000 1.000000
0.000000 1.000000
0.467949 0.532051
0.197531 0.802469
0.731903 0.268097
0.404605 0.595395
0.320000 0.680000
0.320000 0.680000
0.320000 0.680000
0.044248 0.955752
0.052632 0.947368
0.045977 0.954023
0.045977 0.954023
0.733333 0.266667
0.548255 0.451745
0.733333 0.266667
0.251889 0.748111
0.445872 0.554128
0.000000 1.000000
0.054608 0.945392
0.555215 0.444785
0.180723 0.819277
0.397351 0.602649
0.273764 0.726236
0.704545 0.295455
0.704545 0.295455
0.704545 0.295455
0.394072 0.605928
0.562500 0.437500
0.540765 0.459235
0.654822 0.345178
0.654822 0.345178
0.000000 1.000000
0.497436 0.502564
0.133333 0.866667
0.189573 0.810427
0.189573 0.810427
0.207459 0.792541
0.227273 0.772727
0.227273 0.772727
0.447257 0.552743
0.061069 0.938931
0.447257 0.552743
0.061069 0.938931
0.015810 0.984190
0.628571 0.371429
0.628571 0.371429
0.000000 1.000000
0.054054 0.945946
0.054054 0.945946
0.054054 0.945946
0.414002 0.585998
0.538462 0.461538
0.567568 0.432432
0.567568 0.432432
0.567568 0.432432
0.938931 0.061069
0.336463 0.663537
0.938931 0.061069
0.938931 0.061069
0.028777 0.971223
0.950311 0.049689
0.950311 0.049689
0.740634 0.259366
0.403101 0.596899
0.367117 0.632883
0.607427 0.392573
0.359551 0.640449
0.330827 0.669173
0.355670 0.644330
0.330827 0.669173
0.000000 1.000000
0.234756 0.765244
0.442029 0.557971
0.442029 0.557971
0.205479 0.794521
0.888889 0.111111
0.888889 0.111111
0.099379 0.900621
0.580392 0.419608
0.900000 0.100000
0.776978 0.223022
0.473131 0.526869
0.472685 0.527315
0.956044 0.043956
0.906977 0.093023
0.587156 0.412844
0.850746 0.149254
0.472239 0.527761
0.232190 0.767810
0.211443 0.788557
0.391982 0.608018
0.384000 0.616000
0.384000 0.616000
0.290909 0.709091
0.384000 0.616000
0.000000 1.000000
0.180000 0.820000
0.405546 0.594454
0.372760 0.627240
0.180516 0.819484
0.028169 0.971831
0.471793 0.528207
0.822785 0.177215
0.114286 0.885714
0.642276 0.357724
0.273973 0.726027
0.259542 0.740458
0.000000 1.000000
0.000000 1.000000
0.567657 0.432343
0.638298 0.361702
0.606061 0.393939
0.604396 0.395604
0.640288 0.359712
0.638298 0.361702
0.300000 0.700000
0.174757 0.825243
0.237430 0.762570
0.000000 1.000000
0.000000 1.000000
0.041379 0.958621
0.293706 0.706294
0.450704 0.549296
0.413793 0.586207
0.413793 0.586207
0.413793 0.586207
0.087591 0.912409
0.000000 1.000000
0.000000 1.000000
0.377565 0.622435
0.402367 0.597633
0.500000 0.500000
0.000000 1.000000
0.071749 0.928251
0.020513 0.979487
0.020513 0.979487
0.384752 0.615248
0.945946 0.054054
0.578313 0.421687
0.813636 0.186364
0.020408 0.979592
0.000000 1.000000
0.000000 1.000000
0.000000 1.000000
0.000000 1.000000
0.167364 0.832636
0.000000 1.000000
0.000000 1.000000
0.000000 1.000000
0.000000 1.000000
0.000000 1.000000
0.000000 1.000000
0.727536 0.272464
0.704819 0.295181
0.170213 0.829787
0.170213 0.829787
0.170213 0.829787
0.285714 0.714286
0.352941 0.647059
0.476190 0.523810
0.000000 1.000000
0.000000 1.000000
0.876106 0.123894
0.000000 1.000000
0.194175 0.805825
0.601276 0.398724
0.902439 0.097561
0.950617 0.049383
0.950617 0.049383
0.265060 0.734940
0.153110 0.846890
0.000000 1.000000
0.000000 1.000000
0.216867 0.783133
0.000000 1.000000
0.000000 1.000000
0.000000 1.000000
0.973856 0.026144
0.739766 0.260234
0.976331 0.023669
0.414966 0.585034
0.122137 0.877863
0.440000 0.560000
0.000000 1.000000
0.000000 1.000000
0.471346 0.528654
0.078864 0.921136
0.055172 0.944828
0.055172 0.944828
0.055172 0.944828
0.000000 1.000000
0.000000 1.000000
0.000000 1.000000
0.314961 0.685039
0.320000 0.680000
0.000000 1.000000
0.023669 0.976331
0.960199 0.039801
0.423664 0.576336
0.981221 0.018779
0.776000 0.224000
0.272446 0.727554
0.000000 1.000000
0.263529 0.736471
0.358621 0.641379
0.562500 0.437500
0.269725 0.730275
0.687943 0.312057
0.123711 0.876289
0.247706 0.752294
0.439716 0.560284
0.000000 1.000000
0.772727 0.227273
0.741935 0.258065
0.600000 0.400000
0.406015 0.593985
0.850000 0.150000
0.170940 0.829060
0.875648 0.124352
0.875648 0.124352
0.560311 0.439689
0.733333 0.266667
0.733333 0.266667
0.000000 1.000000
0.120301 0.879699
0.120301 0.879699
0.000000 1.000000
0.000000 1.000000
0.325926 0.674074
0.325926 0.674074
0.325926 0.674074
0.089552 0.910448
0.000000 1.000000
0.000000 1.000000
0.521472 0.478528
0.516129 0.483871
0.423077 0.576923
0.423077 0.576923
0.423077 0.576923
0.763158 0.236842
0.763158 0.236842
0.179104 0.820896
0.179104 0.820896
0.179104 0.820896
0.309524 0.690476
0.309524 0.690476
0.309524 0.690476
0.303675 0.696325
0.230366 0.769634
0.231884 0.768116
0.231884 0.768116
0.000000 1.000000
0.422535 0.577465
0.422535 0.577465
0.051948 0.948052
0.300613 0.699387
0.197183 0.802817
0.197183 0.802817
0.100000 0.900000
0.973510 0.026490
0.975610 0.024390
0.973510 0.026490
0.832090 0.167910
0.550265 0.449735
0.571429 0.428571
0.388186 0.611814
0.538462 0.461538
0.633188 0.366812
0.259259 0.740741
0.187500 0.812500
0.139860 0.860140
0.980952 0.019048
0.830508 0.169492
0.112676 0.887324
0.000000 1.000000
0.000000 1.000000
0.704698 0.295302
0.704698 0.295302
0.704698 0.295302
0.000000 1.000000
0.000000 1.000000
0.104712 0.895288
0.104712 0.895288
0.132231 0.867769
0.126482 0.873518
0.132231 0.867769
0.713235 0.286765
0.621359 0.378641
0.315789 0.684211
0.042328 0.957672
0.042328 0.957672
0.042328 0.957672
0.219178 0.780822
0.561538 0.438462
0.561538 0.438462
0.561538 0.438462
0.707317 0.292683
0.707317 0.292683
0.707317 0.292683
0.329412 0.670588
0.372093 0.627907
0.339768 0.660232
0.329412 0.670588
0.274809 0.725191
0.000000 1.000000
0.000000 1.000000
0.521327 0.478673
0.636364 0.363636
0.636364 0.363636
0.636364 0.363636
0.661157 0.338843
0.682171 0.317829
0.025641 0.974359
0.148148 0.851852
0.356164 0.643836
0.057554 0.942446
0.057554 0.942446
0.377953 0.622047
0.514563 0.485437
0.514563 0.485437
0.514563 0.485437
0.514563 0.485437
0.189655 0.810345
0.648649 0.351351
0.648649 0.351351
0.648649 0.351351
0.384615 0.615385
0.103896 0.896104
0.147239 0.852761
0.305732 0.694268
0.305732 0.694268
0.747191 0.252809
0.720000 0.280000
0.720000 0.280000
0.123711 0.876289
0.435714 0.564286
0.419118 0.580882
0.495652 0.504348
0.000000 1.000000
0.000000 1.000000
0.000000 1.000000
0.000000 1.000000
0.680328 0.319672
0.718447 0.281553
0.942446 0.057554
0.942446 0.057554
0.924528 0.075472
0.942446 0.057554
0.000000 1.000000
0.581590 0.418410
0.575563 0.424437
0.470899 0.529101
0.136364 0.863636
0.121212 0.878788
0.121212 0.878788
0.087912 0.912088
0.714286 0.285714
0.714286 0.285714
0.470451 0.529549
0.470003 0.529997
0.197531 0.802469
0.921569 0.078431
0.921569 0.078431
0.344538 0.655462
0.072727 0.927273
0.000000 1.000000
0.174545 0.825455
0.087591 0.912409
0.000000 1.000000
0.000000 1.000000
0.033613 0.966387
0.797468 0.202532
0.927928 0.072072
0.000000 1.000000
0.166667 0.833333
0.175000 0.825000
0.300578 0.699422
0.300578 0.699422
0.180180 0.819820
0.180180 0.819820
0.868421 0.131579
0.868421 0.131579
0.351351 0.648649
0.351351 0.648649
0.643564 0.356436
0.118812 0.881188
0.945205 0.054795
0.635739 0.364261
0.948052 0.051948
0.948052 0.051948
0.033333 0.966667
0.469555 0.530445
0.893805 0.106195
0.522936 0.477064
0.522936 0.477064
0.000000 1.000000
0.022099 0.977901
0.029851 0.970149
0.029851 0.970149
0.469106 0.530894
0.468657 0.531343
0.112676 0.887324
0.644444 0.355556
0.381579 0.618421
0.644444 0.355556
0.978495 0.021505
0.973333 0.026667
0.829060 0.170940
0.513369 0.486631
0.208696 0.791304
0.108108 0.891892
0.102564 0.897436
0.972028 0.027972
0.468207 0.531793
0.467757 0.532243
0.500000 0.500000
0.500000 0.500000
0.538462 0.461538
0.183908 0.816092
0.183908 0.816092
0.467307 0.532693
0.210526 0.789474
0.210526 0.789474
0.793814 0.206186
0.553957 0.446043
0.423077 0.576923
0.423077 0.576923
0.653846 0.346154
0.653846 0.346154
0.653846 0.346154
0.644444 0.355556
0.197183 0.802817
0.000000 1.000000
0.157895 0.842105
0.466856 0.533144
0.421497 0.578503
0.924528 0.075472
0.488479 0.511521
0.184932 0.815068
0.000000 1.000000
0.455285 0.544715
0.466405 0.533595
0.790984 0.209016
0.465954 0.534046
0.316832 0.683168
0.316832 0.683168
0.316832 0.683168
0.000000 1.000000
0.000000 1.000000
0.020101 0.979899
0.038095 0.961905
0.419048 0.580952
0.387097 0.612903
0.858824 0.141176
0.811111 0.188889
0.858824 0.141176
0.465502 0.534498
0.380952 0.619048
0.380952 0.619048
0.391304 0.608696
0.380952 0.619048
0.380952 0.619048
0.504854 0.495146
0.504854 0.495146
0.307692 0.692308
0.108108 0.891892
0.000000 1.000000
0.465050 0.534950
0.914286 0.085714
0.464597 0.535403
0.316129 0.683871
0.540984 0.459016
0.540984 0.459016
0.397163 0.602837
0.292237 0.707763
0.397163 0.602837
0.464144 0.535856
0.463691 0.536309
0.463237 0.536763
0.206186 0.793814
0.893333 0.106667
0.095238 0.904762
0.555556 0.444444
0.555556 0.444444
0.615385 0.384615
0.000000 1.000000
0.906977 0.093023
0.906977 0.093023
0.341463 0.658537
0.043011 0.956989
0.350000 0.650000
0.180451 0.819549
0.462783 0.537217
0.000000 1.000000
0.630769 0.369231
0.890411 0.109589
0.777778 0.222222
0.890411 0.109589
0.472000 0.528000
0.507937 0.492063
0.000000 1.000000
0.472000 0.528000
0.000000 1.000000
0.000000 1.000000
0.000000 1.000000
0.890411 0.109589
0.038835 0.961165
0.038835 0.961165
0.038835 0.961165
0.484211 0.515789
0.108108 0.891892
0.000000 1.000000
0.000000 1.000000
0.000000 1.000000
0.848341 0.151659
0.671233 0.328767
0.123077 0.876923
0.123077 0.876923
0.123077 0.876923
0.123077 0.876923
0.920000 0.080000
0.920000 0.080000
0.571429 0.428571
0.363636 0.636364
0.253968 0.746032
0.764706 0.235294
0.791908 0.208092
0.764706 0.235294
0.462329 0.537671
0.237624 0.762376
0.461874 0.538126
0.461419 0.538581
0.000000 1.000000
0.000000 1.000000
0.140351 0.859649
0.384000 0.616000
0.101911 0.898089
0.140351 0.859649
0.150943 0.849057
0.089109 0.910891
0.000000 1.000000
0.000000 1.000000
0.307692 0.692308
0.086957 0.913043
0.000000 1.000000
0.460963 0.539037
0.419323 0.580677
0.205128 0.794872
0.205128 0.794872
0.205128 0.794872
0.000000 1.000000
0.000000 1.000000
0.000000 1.000000
0.086022 0.913978
0.086022 0.913978
0.086022 0.913978
0.590909 0.409091
0.590909 0.409091
0.590909 0.409091
0.000000 1.000000
0.000000 1.000000
0.460507 0.539493
0.460050 0.539950
0.000000 1.000000
0.000000 1.000000
0.000000 1.000000
0.020101 0.979899
0.468085 0.531915
0.285714 0.714286
0.285714 0.714286
0.043011 0.956989
0.043011 0.956989
0.470588 0.529412
0.166667 0.833333
0.091954 0.908046
0.606557 0.393443
0.031250 0.968750
0.375000 0.625000
0.417140 0.582860
0.459594 0.540406
0.098765 0.901235
0.098765 0.901235
0.086022 0.913978
0.428571 0.571429
0.428571 0.571429
0.102564 0.897436
0.102564 0.897436
0.000000 1.000000
0.078788 0.921212
0.000000 1.000000
0.459136 0.540864
0.414948 0.585052
0.458679 0.541321
0.000000 1.000000
0.000000 1.000000
0.840000 0.160000
0.875000 0.125000
0.875000 0.125000
0.875000 0.125000
0.357143 0.642857
0.357143 0.642857
0.000000 1.000000
0.918367 0.081633
0.000000 1.000000
0.369565 0.630435
0.764706 0.235294
0.179104 0.820896
0.179104 0.820896
0.195122 0.804878
0.500000 0.500000
0.500000 0.500000
0.500000 0.500000
0.500000 0.500000
0.500000 0.500000
0.893333 0.106667
0.666667 0.333333
0.666667 0.333333
0.666667 0.333333
0.666667 0.333333
0.458221 0.541779
0.278169 0.721831
0.000000 1.000000
0.000000 1.000000
0.000000 1.000000
0.457762 0.542238
0.500000 0.500000
0.457304 0.542696
0.456845 0.543155
0.060606 0.939394
0.060606 0.939394
0.060606 0.939394
0.060606 0.939394
0.153846 0.846154
0.226415 0.773585
0.318182 0.681818
0.902439 0.097561
0.235294 0.764706
0.400000 0.600000
0.400000 0.600000
0.000000 1.000000
0.000000 1.000000
0.000000 1.000000
0.000000 1.000000
0.000000 1.000000
0.647059 0.352941
0.647059 0.352941
0.647059 0.352941
0.000000 1.000000
0.081633 0.918367
0.510870 0.489130
0.456385 0.543615
0.000000 1.000000
0.545455 0.454545
0.545455 0.454545
0.622642 0.377358
0.000000 1.000000
0.000000 1.000000
0.000000 1.000000
0.455925 0.544075
0.455465 0.544535
0.455004 0.544996
0.421053 0.578947
0.454543 0.545457
0.454082 0.545918
0.453620 0.546380
0.453158 0.546842
0.452695 0.547305
0.750000 0.250000
0.750000 0.250000
0.352941 0.647059
0.822222 0.177778
0.452232 0.547768
0.409836 0.590164
0.000000 1.000000
0.583333 0.416667
0.500000 0.500000
0.070175 0.929825
0.064516 0.935484
0.000000 1.000000
0.405797 0.594203
0.210526 0.789474
0.625000 0.375000
0.625000 0.375000
0.625000 0.375000
0.625000 0.375000
0.451768 0.548232
0.500000 0.500000
0.285714 0.714286
0.285714 0.714286
0.803279 0.196721
0.105263 0.894737
0.276596 0.723404
0.451305 0.548695
0.450840 0.549160
0.072727 0.927273
0.043011 0.956989
0.593220 0.406780
0.285714 0.714286
0.450376 0.549624
0.449911 0.550089
0.412749 0.587251
0.600000 0.400000
0.400000 0.600000
0.600000 0.400000
0.108108 0.891892
0.108108 0.891892
0.424242 0.575758
0.449445 0.550555
0.264151 0.735849
0.448980 0.551020
0.448513 0.551487
0.410541 0.589459
0.448047 0.551953
0.083333 0.916667
0.083333 0.916667
0.303279 0.696721
0.313559 0.686441
0.000000 1.000000
0.000000 1.000000
0.000000 1.000000
0.000000 1.000000
0.285714 0.714286
0.285714 0.714286
0.000000 1.000000
0.891892 0.108108
0.891892 0.108108
0.000000 1.000000
0.000000 1.000000
0.375000 0.625000
0.375000 0.625000
0.833333 0.166667
0.833333 0.166667
0.833333 0.166667
0.384615 0.615385
0.571429 0.428571
0.000000 1.000000
0.119403 0.880597
0.000000 1.000000
0.000000 1.000000
0.636364 0.363636
0.447580 0.552420
0.408325 0.591675
0.447113 0.552887
0.714286 0.285714
0.714286 0.285714
0.714286 0.285714
0.000000 1.000000
0.277778 0.722222
0.445946 0.554054
0.528571 0.471429
0.000000 1.000000
0.000000 1.000000
0.000000 1.000000
0.000000 1.000000
0.579710 0.420290
0.137931 0.862069
0.446645 0.553355
0.446177 0.553823
0.445708 0.554292
0.445239 0.554761
0.000000 1.000000
0.000000 1.000000
0.444770 0.555230
0.444300 0.555700
0.406101 0.593899
0.000000 1.000000
0.443830 0.556170
0.443359 0.556641
0.442888 0.557112
0.442417 0.557583
0.222222 0.777778
0.000000 1.000000
0.000000 1.000000
0.000000 1.000000
0.000000 1.000000
0.000000 1.000000
0.000000 1.000000
0.333333 0.666667
0.333333 0.666667
0.333333 0.666667
0.441945 0.558055
0.441473 0.558527
0.441001 0.558999
0.440528 0.559472
0.000000 1.000000
0.000000 1.000000
0.303371 0.696629
0.666667 0.333333
0.440055 0.559945
0.439581 0.560419
0.857143 0.142857
0.750000 0.250000
0.750000 0.250000
0.500000 0.500000
0.500000 0.500000
0.000000 1.000000
0.000000 1.000000
0.000000 1.000000
0.000000 1.000000
0.000000 1.000000
0.439107 0.560893
0.000000 1.000000
0.000000 1.000000
0.000000 1.000000
0.000000 1.000000
0.250000 0.750000
0.500000 0.500000
0.438632 0.561368
0.438157 0.561843
0.000000 1.000000
0.437682 0.562318
0.000000 1.000000
0.403868 0.596132
0.437206 0.562794
0.000000 1.000000
0.000000 1.000000
0.000000 1.000000
0.000000 1.000000
0.800000 0.200000
0.436730 0.563270
0.436253 0.563747
0.435777 0.564223
0.435299 0.564701
0.307692 0.692308
0.307692 0.692308
0.434821 0.565179
0.222222 0.777778
0.222222 0.777778
0.222222 0.777778
0.000000 1.000000
0.000000 1.000000
0.000000 1.000000
0.500000 0.500000
0.833333 0.166667
0.190476 0.809524
0.000000 1.000000
0.434343 0.565657
0.433865 0.566135
0.000000 1.000000
0.000000 1.000000
0.000000 1.000000
0.000000 1.000000
0.000000 1.000000
0.433386 0.566614
0.401627 0.598373
0.432906 0.567094
0.181818 0.818182
0.181818 0.818182
0.000000 1.000000
0.000000 1.000000
0.000000 1.000000
0.000000 1.000000
0.307692 0.692308
0.432427 0.567573
0.431946 0.568054
0.000000 1.000000
0.000000 1.000000
0.000000 1.000000
0.800000 0.200000
0.431466 0.568534
0.430985 0.569015
0.430503 0.569497
0.160000 0.840000
0.729730 0.270270
0.430022 0.569978
0.500000 0.500000
0.500000 0.500000
0.227273 0.772727
0.294118 0.705882
0.399378 0.600622
0.800000 0.200000
0.800000 0.200000
0.429539 0.570461
0.429057 0.570943
0.692308 0.307692
0.692308 0.307692
0.250000 0.750000
0.000000 1.000000
0.000000 1.000000
0.000000 1.000000
0.000000 1.000000
0.666667 0.333333
0.428574 0.571426
0.428090 0.571910
0.500000 0.500000
0.500000 0.500000
0.600000 0.400000
0.000000 1.000000
0.000000 1.000000
0.427606 0.572394
0.427122 0.572878
0.000000 1.000000
0.426638 0.573362
0.426152 0.573848
0.397120 0.602880
0.000000 1.000000
0.000000 1.000000
0.425667 0.574333
0.425181 0.574819
0.424695 0.575305
0.424208 0.575792
0.333333 0.666667
0.333333 0.666667
0.333333 0.666667
0.333333 0.666667
0.333333 0.666667
0.000000 1.000000
0.000000 1.000000
0.000000 1.000000
0.000000 1.000000
0.000000 1.000000
0.500000 0.500000
0.500000 0.500000
0.423721 0.576279
0.500000 0.500000
0.500000 0.500000
0.500000 0.500000
0.423233 0.576767
0.394853 0.605147
0.000000 1.000000
0.888889 0.111111
0.888889 0.111111
0.500000 0.500000
0.000000 1.000000
0.000000 1.000000
0.000000 1.000000
0.333333 0.666667
0.333333 0.666667
0.666667 0.333333
0.666667 0.333333
0.000000 1.000000
0.422745 0.577255
0.422257 0.577743
0.392578 0.607422
0.421768 0.578232
0.421279 0.578721
0.390295 0.609705
0.000000 1.000000
0.420789 0.579211
0.500000 0.500000
0.500000 0.500000
0.000000 1.000000
0.000000 1.000000
0.000000 1.000000
0.000000 1.000000
0.000000 1.000000
0.000000 1.000000
0.000000 1.000000
0.000000 1.000000
0.420299 0.579701
0.419809 0.580191
0.419318 0.580682
0.000000 1.000000
0.000000 1.000000
0.000000 1.000000
0.000000 1.000000
0.000000 1.000000
0.000000 1.000000
0.000000 1.000000
0.000000 1.000000
0.418827 0.581173
0.418335 0.581665
0.417843 0.582157
0.417351 0.582649
0.500000 0.500000
0.500000 0.500000
0.416858 0.583142
0.416364 0.583636
0.415870 0.584130
0.415376 0.584624
0.414882 0.585118
0.414387 0.585613
0.413891 0.586109
0.413395 0.586605
0.500000 0.500000
0.714286 0.285714
0.000000 1.000000
0.412899 0.587101
0.000000 1.000000
0.000000 1.000000
0.000000 1.000000
0.000000 1.000000
0.000000 1.000000
0.000000 1.000000
0.000000 1.000000
0.000000 1.000000
0.000000 1.000000
0.000000 1.000000
0.412402 0.587598
0.411905 0.588095
0.411408 0.588592
0.410910 0.589090
0.410411 0.589589
0.409913 0.590087
0.409413 0.590587
0.408914 0.591086
0.408414 0.591586
0.000000 1.000000
0.000000 1.000000
0.407913 0.592087
0.407412 0.592588
0.406911 0.593089
0.692308 0.307692
0.692308 0.307692
0.406409 0.593591
0.405907 0.594093
0.405404 0.594596
0.404901 0.595099
0.388002 0.611998
0.000000 1.000000
0.404398 0.595602
0.403894 0.596106
0.403390 0.596610
0.402885 0.597115
0.000000 1.000000
0.000000 1.000000
0.000000 1.000000
0.402380 0.597620
0.000000 1.000000
0.000000 1.000000
0.000000 1.000000
0.666667 0.333333
0.000000 1.000000
0.000000 1.000000
0.000000 1.000000
0.401874 0.598126
0.401368 0.598632
0.400862 0.599138
0.400355 0.599645
0.399847 0.600153
0.399340 0.600660
0.000000 1.000000
0.398831 0.601169
0.398323 0.601677
0.397814 0.602186
0.397304 0.602696
0.396794 0.603206
0.396284 0.603716
0.385702 0.614298
0.395773 0.604227
0.500000 0.500000
0.500000 0.500000
0.500000 0.500000
0.383392 0.616608
0.395262 0.604738
0.394751 0.605249
0.000000 1.000000
0.000000 1.000000
0.381074 0.618926
0.000000 1.000000
0.000000 1.000000
0.000000 1.000000
0.394238 0.605762
0.393726 0.606274
0.393213 0.606787
0.392700 0.607300
0.000000 1.000000
0.000000 1.000000
0.000000 1.000000
0.392186 0.607814
0.378747 0.621253
0.000000 1.000000
0.391672 0.608328
0.391157 0.608843
0.390642 0.609358
0.390126 0.609874
0.000000 1.000000
0.500000 0.500000
0.389610 0.610390
0.389094 0.610906
0.388577 0.611423
0.388060 0.611940
0.387542 0.612458
0.387024 0.612976
0.000000 1.000000
0.000000 1.000000
0.000000 1.000000
0.000000 1.000000
0.386505 0.613495
0.385986 0.614014
0.385467 0.614533
0.384947 0.615053
0.000000 1.000000
0.384427 0.615573
0.383906 0.616094
0.383385 0.616615
0.382863 0.617137
0.382341 0.617659
0.381818 0.618182
0.381295 0.618705
0.000000 1.000000
0.380772 0.619228
0.380248 0.619752
0.000000 1.000000
0.000000 1.000000
0.000000 1.000000
0.379724 0.620276
0.379199 0.620801
0.378674 0.621326
0.378148 0.621852
0.000000 1.000000
0.377622 0.622378
0.377095 0.622905
0.376568 0.623432
0.376041 0.623959
0.375513 0.624487
0.500000 0.500000
0.374985 0.625015
0.374456 0.625544
0.373927 0.626073
0.373397 0.626603
0.000000 1.000000
0.372867 0.627133
0.372336 0.627664
0.371805 0.628195
0.000000 1.000000
0.000000 1.000000
0.371274 0.628726
0.370742 0.629258
0.370210 0.629790
0.369677 0.630323
0.369144 0.630856
0.368610 0.631390
0.368076 0.631924
0.367541 0.632459
0.367006 0.632994
0.366470 0.633530
0.365934 0.634066
0.000000 1.000000
0.000000 1.000000
0.365398 0.634602
0.364861 0.635139
0.364324 0.635676
0.363786 0.636214
0.363248 0.636752
0.376412 0.623588
0.374068 0.625932
0.362709 0.637291
0.362170 0.637830
0.000000 1.000000
0.000000 1.000000
0.361630 0.638370
0.361090 0.638910
0.360550 0.639450
0.360009 0.639991
0.359467 0.640533
0.358925 0.641075
0.358383 0.641617
0.357840 0.642160
0.357297 0.642703
0.356753 0.643247
0.000000 1.000000
0.000000 1.000000
0.000000 1.000000
0.000000 1.000000
0.356209 0.643791
0.355664 0.644336
0.355119 0.644881
0.354574 0.645426
0.354027 0.645973
0.353481 0.646519
0.000000 1.000000
0.000000 1.000000
0.000000 1.000000
0.000000 1.000000
0.352934 0.647066
0.352387 0.647613
0.351839 0.648161
0.351290 0.648710
0.350741 0.649259
0.350192 0.649808
0.349642 0.650358
0.349092 0.650908
0.348542 0.651458
0.000000 1.000000
0.347990 0.652010
0.347439 0.652561
0.346887 0.653113
0.346334 0.653666
0.345781 0.654219
0.345228 0.654772
0.344674 0.655326
0.344119 0.655881
0.000000 1.000000
0.343564 0.656436
0.343009 0.656991
0.342453 0.657547
0.341897 0.658103
0.341340 0.658660
0.340783 0.659217
0.340225 0.659775
0.339667 0.660333
0.339108 0.660892
0.338549 0.661451
0.337990 0.662010
0.337429 0.662571
0.336869 0.663131
0.336308 0.663692
0.000000 1.000000
0.000000 1.000000
0.335746 0.664254
0.335184 0.664816
0.334622 0.665378
0.334059 0.665941
0.333496 0.666504
0.332932 0.667068
0.332367 0.667633
0.331803 0.668197
0.331237 0.668763
0.330672 0.669328
0.330105 0.669895
0.371714 0.628286
0.329538 0.670462
0.328971 0.671029
0.000000 1.000000
0.000000 1.000000
0.000000 1.000000
0.328404 0.671596
0.327835 0.672165
0.327267 0.672733
0.326698 0.673302
0.326128 0.673872
0.325558 0.674442
0.324987 0.675013
0.324416 0.675584
0.323845 0.676155
0.323273 0.676727
0.322700 0.677300
0.322127 0.677873
0.321553 0.678447
0.369352 0.630648
0.320980 0.679020
0.320405 0.679595
0.319830 0.680170
0.319255 0.680745
0.318679 0.681321
0.318102 0.681898
0.317525 0.682475
0.316948 0.683052
0.316370 0.683630
0.315792 0.684208
0.315213 0.684787
0.314634 0.685366
0.000000 1.000000
0.314054 0.685946
0.313473 0.686527
0.312893 0.687107
0.312311 0.687689
0.311729 0.688271
0.311147 0.688853
0.000000 1.000000
