0.382496 0.617504
0.000000 1.000000
0.331782 0.668218
0.000000 1.000000
0.444970 0.555030
0.025437 0.974563
0.355024 0.644976
0.413315 0.586685
0.372774 0.627226
0.186047 0.813953
0.368696 0.631304
0.406636 0.593364
0.422333 0.577667
0.453764 0.546236
0.354521 0.645479
0.269583 0.730417
0.012232 0.987768
0.185600 0.814400
0.332514 0.667486
0.473582 0.526418
0.332021 0.667979
0.413726 0.586274
0.284615 0.715385
0.940299 0.059701
0.262495 0.737505
0.306452 0.693548
0.491713 0.508287
0.274170 0.725830
0.279822 0.720178
0.256332 0.743668
0.217478 0.782522
0.214177 0.785823
0.206960 0.793040
0.000000 1.000000
0.000000 1.000000
0.414303 0.585697
0.250211 0.749789
0.000000 1.000000
0.294944 0.705056
0.561538 0.438462
0.341972 0.658028
0.420760 0.579240
0.313354 0.686646
0.365398 0.634602
0.322019 0.677981
0.451479 0.548521
0.218750 0.781250
0.074324 0.925676
0.393842 0.606158
0.231343 0.768657
0.354478 0.645522
0.410564 0.589436
0.261674 0.738326
0.249770 0.750230
0.000000 1.000000
0.407358 0.592642
0.395095 0.604905
0.101010 0.898990
0.040109 0.959891
0.000000 1.000000
0.150842 0.849158
0.049793 0.950207
0.185277 0.814723
0.026144 0.973856
0.323232 0.676768
0.508545 0.491455
0.478011 0.521989
0.496326 0.503674
0.082262 0.917738
0.016194 0.983806
0.344380 0.655620
0.772152 0.227848
0.397810 0.602190
0.249489 0.750511
0.297136 0.702864
0.377535 0.622465
0.000000 1.000000
0.140553 0.859447
0.065969 0.934031
0.229640 0.770360
0.023392 0.976608
0.100000 0.900000
0.374347 0.625653
0.553867 0.446133
0.356725 0.643275
0.401631 0.598369
0.146597 0.853403
0.287327 0.712673
0.146597 0.853403
0.040816 0.959184
0.339581 0.660419
0.381039 0.618961
0.219873 0.780127
0.736318 0.263682
0.168807 0.831193
0.168391 0.831609
0.024845 0.975155
0.000000 1.000000
0.000000 1.000000
0.426927 0.573073
0.029412 0.970588
0.161863 0.838137
0.322206 0.677794
0.247573 0.752427
0.085106 0.914894
0.149626 0.850374
0.384357 0.615643
0.441109 0.558891
0.428835 0.571165
0.441957 0.558043
0.566917 0.433083
0.502591 0.497409
0.502591 0.497409
0.401606 0.598394
0.374809 0.625191
0.385787 0.614213
0.000000 1.000000
0.021277 0.978723
0.025357 0.974643
0.200959 0.799041
0.075650 0.924350
0.351570 0.648430
0.165202 0.834798
0.507368 0.492632
0.532544 0.467456
0.480277 0.519723
0.397000 0.603000
0.304094 0.695906
0.340984 0.659016
0.013029 0.986971
0.021622 0.978378
0.021622 0.978378
0.000000 1.000000
0.000000 1.000000
0.328063 0.671937
0.497175 0.502825
0.622843 0.377157
0.581123 0.418877
0.489051 0.510949
0.410811 0.589189
0.410811 0.589189
0.000000 1.000000
0.586885 0.413115
0.978142 0.021858
0.570064 0.429936
0.651347 0.348653
0.277344 0.722656
0.000000 1.000000
0.498258 0.501742
0.110345 0.889655
0.414802 0.585198
0.178771 0.821229
0.542936 0.457064
0.500000 0.500000
0.159618 0.840382
0.382166 0.617834
0.510460 0.489540
0.072289 0.927711
0.225859 0.774141
0.060606 0.939394
0.072289 0.927711
0.045198 0.954802
0.045198 0.954802
0.169014 0.830986
0.169014 0.830986
0.259080 0.740920
0.771429 0.228571
0.386892 0.613108
0.567426 0.432574
0.133333 0.866667
0.335766 0.664234
0.471481 0.528519
0.246914 0.753086
0.453470 0.546530
0.208333 0.791667
0.394118 0.605882
0.356026 0.643974
0.000000 1.000000
0.000000 1.000000
0.080537 0.919463
0.082418 0.917582
0.359245 0.640755
0.839161 0.160839
0.726316 0.273684
0.028986 0.971014
0.028986 0.971014
0.069444 0.930556
0.400000 0.600000
0.400000 0.600000
0.400000 0.600000
0.357143 0.642857
0.400000 0.600000
0.438613 0.561387
0.569686 0.430314
0.141343 0.858657
0.643636 0.356364
0.602041 0.397959
0.379195 0.620805
0.672619 0.327381
0.402597 0.597403
0.626263 0.373737
0.392643 0.607357
0.017094 0.982906
0.450098 0.549902
0.450098 0.549902
0.947712 0.052288
0.593548 0.406452
0.468940 0.531060
0.704938 0.295062
0.800000 0.200000
0.724868 0.275132
0.724868 0.275132
0.412763 0.587237
0.095808 0.904192
0.095808 0.904192
0.000000 1.000000
0.000000 1.000000
0.451613 0.548387
0.433962 0.566038
0.218362 0.781638
0.912088 0.087912
0.912088 0.087912
0.622721 0.377279
0.255319 0.744681
0.346792 0.653208
0.512386 0.487614
0.249386 0.750614
0.000000 1.000000
0.000000 1.000000
0.430223 0.569777
0.249453 0.750547
0.324607 0.675393
0.438766 0.561234
0.324607 0.675393
0.000000 1.000000
0.011268 0.988732
0.016194 0.983806
0.000000 1.000000
0.052980 0.947020
0.459916 0.540084
0.512821 0.487179
0.512821 0.487179
0.222222 0.777778
0.502363 0.497637
0.414132 0.585868
0.391389 0.608611
0.360281 0.639719
0.000000 1.000000
0.536946 0.463054
0.839080 0.160920
0.000000 1.000000
0.035556 0.964444
0.266067 0.733933
0.131693 0.868307
0.000000 1.000000
0.406135 0.593865
0.202429 0.797571
0.260802 0.739198
0.328125 0.671875
0.182708 0.817292
0.123348 0.876652
0.123348 0.876652
0.123348 0.876652
0.500000 0.500000
0.103226 0.896774
0.045845 0.954155
0.105882 0.894118
0.269953 0.730047
0.059524 0.940476
0.364051 0.635949
0.019704 0.980296
0.000000 1.000000
0.063618 0.936382
0.223077 0.776923
0.269492 0.730508
0.226415 0.773585
0.266667 0.733333
0.471910 0.528090
0.465798 0.534202
0.248858 0.751142
0.164474 0.835526
0.248858 0.751142
0.000000 1.000000
0.000000 1.000000
0.000000 1.000000
0.292222 0.707778
0.000000 1.000000
0.000000 1.000000
0.000000 1.000000
0.582237 0.417763
0.160385 0.839615
0.149606 0.850394
0.363636 0.636364
0.024242 0.975758
0.409212 0.590788
0.139535 0.860465
0.097859 0.902141
0.329193 0.670807
0.257888 0.742112
0.027397 0.972603
0.266022 0.733978
0.107383 0.892617
0.753700 0.246300
0.485714 0.514286
0.605911 0.394089
0.686869 0.313131
0.000000 1.000000
0.439373 0.560627
0.559600 0.440400
0.197531 0.802469
0.518883 0.481117
0.053512 0.946488
0.000000 1.000000
0.000000 1.000000
0.232558 0.767442
0.232558 0.767442
0.598527 0.401473
0.935484 0.064516
0.813131 0.186869
0.606061 0.393939
0.935484 0.064516
0.357890 0.642110
0.748768 0.251232
0.699360 0.300640
0.421189 0.578811
0.857143 0.142857
0.761905 0.238095
0.020000 0.980000
0.022857 0.977143
0.036939 0.963061
0.673410 0.326590
0.392500 0.607500
0.264831 0.735169
0.468767 0.531233
0.957672 0.042328
0.343284 0.656716
0.000000 1.000000
0.744883 0.255117
0.983402 0.016598
0.943434 0.056566
0.023121 0.976879
0.181818 0.818182
0.090592 0.909408
0.000000 1.000000
0.051948 0.948052
0.000000 1.000000
0.356533 0.643467
0.139860 0.860140
0.139860 0.860140
0.139860 0.860140
0.139860 0.860140
0.086957 0.913043
0.102041 0.897959
0.023256 0.976744
0.411717 0.588283
0.286530 0.713470
0.411717 0.588283
0.374101 0.625899
0.558442 0.441558
0.374101 0.625899
0.000000 1.000000
0.000000 1.000000
0.000000 1.000000
0.000000 1.000000
0.000000 1.000000
0.259542 0.740458
0.254527 0.745473
0.405063 0.594937
0.051613 0.948387
0.632530 0.367470
0.369416 0.630584
0.223602 0.776398
0.242690 0.757310
0.570477 0.429523
0.570477 0.429523
0.000000 1.000000
0.029412 0.970588
0.748571 0.251429
0.419008 0.580992
0.519774 0.480226
0.750000 0.250000
0.470305 0.529695
0.519774 0.480226
0.619403 0.380597
0.762712 0.237288
0.913669 0.086331
0.913669 0.086331
0.491979 0.508021
0.677661 0.322339
0.491979 0.508021
0.773050 0.226950
0.773050 0.226950
0.128000 0.872000
0.128000 0.872000
0.767742 0.232258
0.000000 1.000000
0.356132 0.643868
0.018779 0.981221
0.000000 1.000000
0.000000 1.000000
0.000000 1.000000
0.120192 0.879808
0.043029 0.956971
0.410405 0.589595
0.442308 0.557692
0.193103 0.806897
0.193103 0.806897
0.208178 0.791822
0.699248 0.300752
0.245399 0.754601
0.000000 1.000000
0.215054 0.784946
0.115091 0.884909
0.054422 0.945578
0.130178 0.869822
0.425068 0.574932
0.000000 1.000000
0.370644 0.629356
0.922581 0.077419
0.922581 0.077419
0.000000 1.000000
0.023739 0.976261
0.000000 1.000000
0.815029 0.184971
0.815029 0.184971
0.142857 0.857143
0.456044 0.543956
0.171053 0.828947
0.421053 0.578947
0.649746 0.350254
0.421053 0.578947
0.552239 0.447761
0.355172 0.644828
0.353809 0.646191
0.000000 1.000000
0.843575 0.156425
0.843575 0.156425
0.157480 0.842520
0.068182 0.931818
0.296471 0.703529
0.390476 0.609524
0.072289 0.927711
0.000000 1.000000
0.000000 1.000000
0.594595 0.405405
0.594595 0.405405
0.671642 0.328358
0.169811 0.830189
0.695652 0.304348
0.040816 0.959184
0.357527 0.642473
0.337858 0.662142
0.472050 0.527950
0.309677 0.690323
0.309677 0.690323
0.309677 0.690323
0.309677 0.690323
0.917722 0.082278
0.917722 0.082278
0.000000 1.000000
0.000000 1.000000
0.000000 1.000000
0.352443 0.647557
0.372913 0.627087
0.874214 0.125786
0.000000 1.000000
0.000000 1.000000
0.013605 0.986395
0.000000 1.000000
0.000000 1.000000
0.467949 0.532051
0.197531 0.802469
0.731903 0.268097
0.404605 0.595395
0.320000 0.680000
0.320000 0.680000
0.320000 0.680000
0.044248 0.955752
0.052632 0.947368
0.045977 0.954023
0.045977 0.954023
0.733333 0.266667
0.548255 0.451745
0.733333 0.266667
0.251889 0.748111
0.445872 0.554128
0.000000 1.000000
0.054608 0.945392
0.555215 0.444785
0.180723 0.819277
0.397351 0.602649
0.273764 0.726236
0.704545 0.295455
0.704545 0.295455
0.704545 0.295455
0.394072 0.605928
0.562500 0.437500
0.540765 0.459235
0.654822 0.345178
0.654822 0.345178
0.000000 1.000000
0.497436 0.502564
0.133333 0.866667
0.189573 0.810427
0.189573 0.810427
0.207459 0.792541
0.227273 0.772727
0.227273 0.772727
0.447257 0.552743
0.061069 0.938931
0.447257 0.552743
0.061069 0.938931
0.015810 0.984190
0.628571 0.371429
0.628571 0.371429
0.000000 1.000000
0.054054 0.945946
0.054054 0.945946
0.054054 0.945946
0.414002 0.585998
0.538462 0.461538
0.567568 0.432432
0.567568 0.432432
0.567568 0.432432
0.938931 0.061069
0.336463 0.663537
0.938931 0.061069
0.938931 0.061069
0.028777 0.971223
0.950311 0.049689
0.950311 0.049689
0.740634 0.259366
0.403101 0.596899
0.367117 0.632883
0.607427 0.392573
0.359551 0.640449
0.330827 0.669173
0.355670 0.644330
0.330827 0.669173
0.000000 1.000000
0.234756 0.765244
0.442029 0.557971
0.442029 0.557971
0.205479 0.794521
0.888889 0.111111
0.888889 0.111111
0.099379 0.900621
0.580392 0.419608
0.900000 0.100000
0.776978 0.223022
0.351074 0.648926
0.349702 0.650298
0.956044 0.043956
0.906977 0.093023
0.587156 0.412844
0.850746 0.149254
0.348327 0.651673
0.232190 0.767810
0.211443 0.788557
0.391982 0.608018
0.384000 0.616000
0.384000 0.616000
0.290909 0.709091
0.384000 0.616000
0.000000 1.000000
0.180000 0.820000
0.405546 0.594454
0.372760 0.627240
0.180516 0.819484
0.028169 0.971831
0.346949 0.653051
0.822785 0.177215
0.114286 0.885714
0.642276 0.357724
0.273973 0.726027
0.259542 0.740458
0.000000 1.000000
0.000000 1.000000
0.567657 0.432343
0.638298 0.361702
0.606061 0.393939
0.604396 0.395604
0.640288 0.359712
0.638298 0.361702
0.300000 0.700000
0.174757 0.825243
0.237430 0.762570
0.000000 1.000000
0.000000 1.000000
0.041379 0.958621
0.293706 0.706294
0.450704 0.549296
0.413793 0.586207
0.413793 0.586207
0.413793 0.586207
0.087591 0.912409
0.000000 1.000000
0.000000 1.000000
0.377565 0.622435
0.402367 0.597633
0.500000 0.500000
0.000000 1.000000
0.071749 0.928251
0.020513 0.979487
0.020513 0.979487
0.384752 0.615248
0.945946 0.054054
0.578313 0.421687
0.813636 0.186364
0.020408 0.979592
0.000000 1.000000
0.000000 1.000000
0.000000 1.000000
0.000000 1.000000
0.167364 0.832636
0.000000 1.000000
0.000000 1.000000
0.000000 1.000000
0.000000 1.000000
0.000000 1.000000
0.000000 1.000000
0.727536 0.272464
0.704819 0.295181
0.170213 0.829787
0.170213 0.829787
0.170213 0.829787
0.285714 0.714286
0.352941 0.647059
0.476190 0.523810
0.000000 1.000000
0.000000 1.000000
0.876106 0.123894
0.000000 1.000000
0.194175 0.805825
0.601276 0.398724
0.902439 0.097561
0.950617 0.049383
0.950617 0.049383
0.265060 0.734940
0.153110 0.846890
0.000000 1.000000
0.000000 1.000000
0.216867 0.783133
0.000000 1.000000
0.000000 1.000000
0.000000 1.000000
0.973856 0.026144
0.739766 0.260234
0.976331 0.023669
0.414966 0.585034
0.122137 0.877863
0.440000 0.560000
0.000000 1.000000
0.000000 1.000000
0.345569 0.654431
0.078864 0.921136
0.055172 0.944828
0.055172 0.944828
0.055172 0.944828
0.000000 1.000000
0.000000 1.000000
0.000000 1.000000
0.314961 0.685039
0.320000 0.680000
0.000000 1.000000
0.023669 0.976331
0.960199 0.039801
0.370776 0.629224
0.981221 0.018779
0.776000 0.224000
0.272446 0.727554
0.000000 1.000000
0.263529 0.736471
0.358621 0.641379
0.562500 0.437500
0.269725 0.730275
0.687943 0.312057
0.123711 0.876289
0.247706 0.752294
0.439716 0.560284
0.000000 1.000000
0.772727 0.227273
0.741935 0.258065
0.600000 0.400000
0.406015 0.593985
0.850000 0.150000
0.170940 0.829060
0.875648 0.124352
0.875648 0.124352
0.560311 0.439689
0.733333 0.266667
0.733333 0.266667
0.000000 1.000000
0.120301 0.879699
0.120301 0.879699
0.000000 1.000000
0.000000 1.000000
0.325926 0.674074
0.325926 0.674074
0.325926 0.674074
0.089552 0.910448
0.000000 1.000000
0.000000 1.000000
0.521472 0.478528
0.516129 0.483871
0.423077 0.576923
0.423077 0.576923
0.423077 0.576923
0.763158 0.236842
0.763158 0.236842
0.179104 0.820896
0.179104 0.820896
0.179104 0.820896
0.309524 0.690476
0.309524 0.690476
0.309524 0.690476
0.303675 0.696325
0.230366 0.769634
0.231884 0.768116
0.231884 0.768116
0.000000 1.000000
0.422535 0.577465
0.422535 0.577465
0.051948 0.948052
0.300613 0.699387
0.197183 0.802817
0.197183 0.802817
0.100000 0.900000
0.973510 0.026490
0.975610 0.024390
0.973510 0.026490
0.832090 0.167910
0.550265 0.449735
0.571429 0.428571
0.388186 0.611814
0.538462 0.461538
0.633188 0.366812
0.259259 0.740741
0.187500 0.812500
0.139860 0.860140
0.980952 0.019048
0.830508 0.169492
0.112676 0.887324
0.000000 1.000000
0.000000 1.000000
0.704698 0.295302
0.704698 0.295302
0.704698 0.295302
0.000000 1.000000
0.000000 1.000000
0.104712 0.895288
0.104712 0.895288
0.132231 0.867769
0.126482 0.873518
0.132231 0.867769
0.713235 0.286765
0.621359 0.378641
0.315789 0.684211
0.042328 0.957672
0.042328 0.957672
0.042328 0.957672
0.219178 0.780822
0.561538 0.438462
0.561538 0.438462
0.561538 0.438462
0.707317 0.292683
0.707317 0.292683
0.707317 0.292683
0.329412 0.670588
0.372093 0.627907
0.339768 0.660232
0.329412 0.670588
0.274809 0.725191
0.000000 1.000000
0.000000 1.000000
0.521327 0.478673
0.636364 0.363636
0.636364 0.363636
0.636364 0.363636
0.661157 0.338843
0.682171 0.317829
0.025641 0.974359
0.148148 0.851852
0.356164 0.643836
0.057554 0.942446
0.057554 0.942446
0.377953 0.622047
0.514563 0.485437
0.514563 0.485437
0.514563 0.485437
0.514563 0.485437
0.189655 0.810345
0.648649 0.351351
0.648649 0.351351
0.648649 0.351351
0.384615 0.615385
0.103896 0.896104
0.147239 0.852761
0.305732 0.694268
0.305732 0.694268
0.747191 0.252809
0.720000 0.280000
0.720000 0.280000
0.123711 0.876289
0.435714 0.564286
0.419118 0.580882
0.495652 0.504348
0.000000 1.000000
0.000000 1.000000
0.000000 1.000000
0.000000 1.000000
0.680328 0.319672
0.718447 0.281553
0.942446 0.057554
0.942446 0.057554
0.924528 0.075472
0.942446 0.057554
0.000000 1.000000
0.581590 0.418410
0.575563 0.424437
0.344185 0.655815
0.136364 0.863636
0.121212 0.878788
0.121212 0.878788
0.087912 0.912088
0.714286 0.285714
0.714286 0.285714
0.553554 0.446446
0.342799 0.657201
0.197531 0.802469
0.921569 0.078431
0.921569 0.078431
0.344538 0.655462
0.072727 0.927273
0.000000 1.000000
0.174545 0.825455
0.087591 0.912409
0.000000 1.000000
0.000000 1.000000
0.033613 0.966387
0.797468 0.202532
0.927928 0.072072
0.000000 1.000000
0.166667 0.833333
0.175000 0.825000
0.300578 0.699422
0.300578 0.699422
0.180180 0.819820
0.180180 0.819820
0.868421 0.131579
0.868421 0.131579
0.351351 0.648649
0.351351 0.648649
0.643564 0.356436
0.118812 0.881188
0.945205 0.054795
0.635739 0.364261
0.948052 0.051948
0.948052 0.051948
0.033333 0.966667
0.552925 0.447075
0.893805 0.106195
0.522936 0.477064
0.522936 0.477064
0.000000 1.000000
0.022099 0.977901
0.029851 0.970149
0.029851 0.970149
0.341409 0.658591
0.340017 0.659983
0.112676 0.887324
0.644444 0.355556
0.381579 0.618421
0.644444 0.355556
0.978495 0.021505
0.973333 0.026667
0.829060 0.170940
0.513369 0.486631
0.208696 0.791304
0.108108 0.891892
0.102564 0.897436
0.972028 0.027972
0.338622 0.661378
0.552294 0.447706
0.500000 0.500000
0.500000 0.500000
0.538462 0.461538
0.183908 0.816092
0.183908 0.816092
0.551663 0.448337
0.210526 0.789474
0.210526 0.789474
0.793814 0.206186
0.553957 0.446043
0.423077 0.576923
0.423077 0.576923
0.653846 0.346154
0.653846 0.346154
0.653846 0.346154
0.644444 0.355556
0.197183 0.802817
0.000000 1.000000
0.157895 0.842105
0.551030 0.448970
0.368471 0.631529
0.924528 0.075472
0.488479 0.511521
0.184932 0.815068
0.000000 1.000000
0.455285 0.544715
0.337223 0.662777
0.790984 0.209016
0.550397 0.449603
0.316832 0.683168
0.316832 0.683168
0.316832 0.683168
0.000000 1.000000
0.000000 1.000000
0.020101 0.979899
0.038095 0.961905
0.419048 0.580952
0.387097 0.612903
0.858824 0.141176
0.811111 0.188889
0.858824 0.141176
0.335822 0.664178
0.380952 0.619048
0.380952 0.619048
0.391304 0.608696
0.380952 0.619048
0.380952 0.619048
0.504854 0.495146
0.504854 0.495146
0.307692 0.692308
0.108108 0.891892
0.000000 1.000000
0.549763 0.450237
0.914286 0.085714
0.334418 0.665582
0.316129 0.683871
0.540984 0.459016
0.540984 0.459016
0.397163 0.602837
0.292237 0.707763
0.397163 0.602837
0.333011 0.666989
0.549128 0.450872
0.331601 0.668399
0.206186 0.793814
0.893333 0.106667
0.095238 0.904762
0.555556 0.444444
0.555556 0.444444
0.615385 0.384615
0.000000 1.000000
0.906977 0.093023
0.906977 0.093023
0.341463 0.658537
0.043011 0.956989
0.350000 0.650000
0.180451 0.819549
0.330188 0.669812
0.000000 1.000000
0.630769 0.369231
0.890411 0.109589
0.777778 0.222222
0.890411 0.109589
0.472000 0.528000
0.507937 0.492063
0.000000 1.000000
0.472000 0.528000
0.000000 1.000000
0.000000 1.000000
0.000000 1.000000
0.890411 0.109589
0.038835 0.961165
0.038835 0.961165
0.038835 0.961165
0.484211 0.515789
0.108108 0.891892
0.000000 1.000000
0.000000 1.000000
0.000000 1.000000
0.848341 0.151659
0.671233 0.328767
0.123077 0.876923
0.123077 0.876923
0.123077 0.876923
0.123077 0.876923
0.920000 0.080000
0.920000 0.080000
0.571429 0.428571
0.363636 0.636364
0.253968 0.746032
0.764706 0.235294
0.791908 0.208092
0.764706 0.235294
0.328771 0.671229
0.237624 0.762376
0.327352 0.672648
0.548492 0.451508
0.000000 1.000000
0.000000 1.000000
0.140351 0.859649
0.384000 0.616000
0.101911 0.898089
0.140351 0.859649
0.150943 0.849057
0.089109 0.910891
0.000000 1.000000
0.000000 1.000000
0.307692 0.692308
0.086957 0.913043
0.000000 1.000000
0.547855 0.452145
0.507898 0.492102
0.205128 0.794872
0.205128 0.794872
0.205128 0.794872
0.000000 1.000000
0.000000 1.000000
0.000000 1.000000
0.086022 0.913978
0.086022 0.913978
0.086022 0.913978
0.590909 0.409091
0.590909 0.409091
0.590909 0.409091
0.000000 1.000000
0.000000 1.000000
0.547217 0.452783
0.546579 0.453421
0.000000 1.000000
0.000000 1.000000
0.000000 1.000000
0.020101 0.979899
0.468085 0.531915
0.285714 0.714286
0.285714 0.714286
0.043011 0.956989
0.043011 0.956989
0.470588 0.529412
0.166667 0.833333
0.091954 0.908046
0.606557 0.393443
0.031250 0.968750
0.375000 0.625000
0.503211 0.496789
0.545939 0.454061
0.098765 0.901235
0.098765 0.901235
0.086022 0.913978
0.428571 0.571429
0.428571 0.571429
0.102564 0.897436
0.102564 0.897436
0.000000 1.000000
0.078788 0.921212
0.000000 1.000000
0.545299 0.454701
0.498480 0.501520
0.544658 0.455342
0.000000 1.000000
0.000000 1.000000
0.840000 0.160000
0.875000 0.125000
0.875000 0.125000
0.875000 0.125000
0.357143 0.642857
0.357143 0.642857
0.000000 1.000000
0.918367 0.081633
0.000000 1.000000
0.369565 0.630435
0.764706 0.235294
0.179104 0.820896
0.179104 0.820896
0.195122 0.804878
0.500000 0.500000
0.500000 0.500000
0.500000 0.500000
0.500000 0.500000
0.500000 0.500000
0.893333 0.106667
0.666667 0.333333
0.666667 0.333333
0.666667 0.333333
0.666667 0.333333
0.544015 0.455985
0.278169 0.721831
0.000000 1.000000
0.000000 1.000000
0.000000 1.000000
0.543372 0.456628
0.500000 0.500000
0.542728 0.457272
0.542083 0.457917
0.060606 0.939394
0.060606 0.939394
0.060606 0.939394
0.060606 0.939394
0.153846 0.846154
0.226415 0.773585
0.318182 0.681818
0.902439 0.097561
0.235294 0.764706
0.400000 0.600000
0.400000 0.600000
0.000000 1.000000
0.000000 1.000000
0.000000 1.000000
0.000000 1.000000
0.000000 1.000000
0.647059 0.352941
0.647059 0.352941
0.647059 0.352941
0.000000 1.000000
0.081633 0.918367
0.510870 0.489130
0.541437 0.458563
0.000000 1.000000
0.545455 0.454545
0.545455 0.454545
0.622642 0.377358
0.000000 1.000000
0.000000 1.000000
0.000000 1.000000
0.540791 0.459209
0.540143 0.459857
0.539494 0.460506
0.421053 0.578947
0.538845 0.461155
0.538194 0.461806
0.537543 0.462457
0.536891 0.463109
0.536238 0.463762
0.750000 0.250000
0.750000 0.250000
0.352941 0.647059
0.822222 0.177778
0.535583 0.464417
0.409836 0.590164
0.000000 1.000000
0.583333 0.416667
0.500000 0.500000
0.070175 0.929825
0.064516 0.935484
0.000000 1.000000
0.405797 0.594203
0.210526 0.789474
0.625000 0.375000
0.625000 0.375000
0.625000 0.375000
0.625000 0.375000
0.534928 0.465072
0.500000 0.500000
0.285714 0.714286
0.285714 0.714286
0.803279 0.196721
0.105263 0.894737
0.276596 0.723404
0.534272 0.465728
0.533616 0.466384
0.072727 0.927273
0.043011 0.956989
0.593220 0.406780
0.285714 0.714286
0.532958 0.467042
0.532299 0.467701
0.493703 0.506297
0.600000 0.400000
0.400000 0.600000
0.600000 0.400000
0.108108 0.891892
0.108108 0.891892
0.424242 0.575758
0.531639 0.468361
0.264151 0.735849
0.530979 0.469021
0.530317 0.469683
0.488881 0.511119
0.529655 0.470345
0.083333 0.916667
0.083333 0.916667
0.303279 0.696721
0.313559 0.686441
0.000000 1.000000
0.000000 1.000000
0.000000 1.000000
0.000000 1.000000
0.285714 0.714286
0.285714 0.714286
0.000000 1.000000
0.891892 0.108108
0.891892 0.108108
0.000000 1.000000
0.000000 1.000000
0.375000 0.625000
0.375000 0.625000
0.833333 0.166667
0.833333 0.166667
0.833333 0.166667
0.384615 0.615385
0.571429 0.428571
0.000000 1.000000
0.119403 0.880597
0.000000 1.000000
0.000000 1.000000
0.636364 0.363636
0.528991 0.471009
0.484013 0.515987
0.528327 0.471673
0.714286 0.285714
0.714286 0.285714
0.714286 0.285714
0.000000 1.000000
0.277778 0.722222
0.445946 0.554054
0.528571 0.471429
0.000000 1.000000
0.000000 1.000000
0.000000 1.000000
0.000000 1.000000
0.579710 0.420290
0.137931 0.862069
0.527662 0.472338
0.526996 0.473004
0.526328 0.473672
0.525660 0.474340
0.000000 1.000000
0.000000 1.000000
0.524991 0.475009
0.524321 0.475679
0.479099 0.520901
0.000000 1.000000
0.523650 0.476350
0.522979 0.477021
0.522306 0.477694
0.521632 0.478368
0.222222 0.777778
0.000000 1.000000
0.000000 1.000000
0.000000 1.000000
0.000000 1.000000
0.000000 1.000000
0.000000 1.000000
0.333333 0.666667
0.333333 0.666667
0.333333 0.666667
0.520957 0.479043
0.520282 0.479718
0.519605 0.480395
0.518927 0.481073
0.000000 1.000000
0.000000 1.000000
0.303371 0.696629
0.666667 0.333333
0.518249 0.481751
0.517569 0.482431
0.857143 0.142857
0.750000 0.250000
0.750000 0.250000
0.500000 0.500000
0.500000 0.500000
0.000000 1.000000
0.000000 1.000000
0.000000 1.000000
0.000000 1.000000
0.000000 1.000000
0.516889 0.483111
0.000000 1.000000
0.000000 1.000000
0.000000 1.000000
0.000000 1.000000
0.250000 0.750000
0.500000 0.500000
0.516208 0.483792
0.515525 0.484475
0.000000 1.000000
0.514842 0.485158
0.000000 1.000000
0.474138 0.525862
0.514158 0.485842
0.000000 1.000000
0.000000 1.000000
0.000000 1.000000
0.000000 1.000000
0.800000 0.200000
0.513472 0.486528
0.512786 0.487214
0.512099 0.487901
0.511411 0.488589
0.307692 0.692308
0.307692 0.692308
0.510722 0.489278
0.222222 0.777778
0.222222 0.777778
0.222222 0.777778
0.000000 1.000000
0.000000 1.000000
0.000000 1.000000
0.500000 0.500000
0.833333 0.166667
0.190476 0.809524
0.000000 1.000000
0.510032 0.489968
0.509341 0.490659
0.000000 1.000000
0.000000 1.000000
0.000000 1.000000
0.000000 1.000000
0.000000 1.000000
0.508649 0.491351
0.469130 0.530870
0.507956 0.492044
0.181818 0.818182
0.181818 0.818182
0.000000 1.000000
0.000000 1.000000
0.000000 1.000000
0.000000 1.000000
0.307692 0.692308
0.507262 0.492738
0.506567 0.493433
0.000000 1.000000
0.000000 1.000000
0.000000 1.000000
0.800000 0.200000
0.505871 0.494129
0.505174 0.494826
0.504476 0.495524
0.160000 0.840000
0.729730 0.270270
0.503777 0.496223
0.500000 0.500000
0.500000 0.500000
0.227273 0.772727
0.294118 0.705882
0.464074 0.535926
0.800000 0.200000
0.800000 0.200000
0.503077 0.496923
0.502376 0.497624
0.692308 0.307692
0.692308 0.307692
0.250000 0.750000
0.000000 1.000000
0.000000 1.000000
0.000000 1.000000
0.000000 1.000000
0.666667 0.333333
0.501674 0.498326
0.500971 0.499029
0.500000 0.500000
0.500000 0.500000
0.600000 0.400000
0.000000 1.000000
0.000000 1.000000
0.500267 0.499733
0.499563 0.500437
0.000000 1.000000
0.498857 0.501143
0.498150 0.501850
0.458970 0.541030
0.000000 1.000000
0.000000 1.000000
0.497442 0.502558
0.496733 0.503267
0.496023 0.503977
0.495313 0.504687
0.333333 0.666667
0.333333 0.666667
0.333333 0.666667
0.333333 0.666667
0.333333 0.666667
0.000000 1.000000
0.000000 1.000000
0.000000 1.000000
0.000000 1.000000
0.000000 1.000000
0.500000 0.500000
0.500000 0.500000
0.494601 0.505399
0.500000 0.500000
0.500000 0.500000
0.500000 0.500000
0.493888 0.506112
0.453818 0.546182
0.000000 1.000000
0.888889 0.111111
0.888889 0.111111
0.500000 0.500000
0.000000 1.000000
0.000000 1.000000
0.000000 1.000000
0.333333 0.666667
0.333333 0.666667
0.666667 0.333333
0.666667 0.333333
0.000000 1.000000
0.493174 0.506826
0.492459 0.507541
0.448616 0.551384
0.491743 0.508257
0.491027 0.508973
0.443364 0.556636
0.000000 1.000000
0.490309 0.509691
0.500000 0.500000
0.500000 0.500000
0.000000 1.000000
0.000000 1.000000
0.000000 1.000000
0.000000 1.000000
0.000000 1.000000
0.000000 1.000000
0.000000 1.000000
0.000000 1.000000
0.489590 0.510410
0.488870 0.511130
0.488149 0.511851
0.000000 1.000000
0.000000 1.000000
0.000000 1.000000
0.000000 1.000000
0.000000 1.000000
0.000000 1.000000
0.000000 1.000000
0.000000 1.000000
0.487427 0.512573
0.486704 0.513296
0.485980 0.514020
0.485255 0.514745
0.500000 0.500000
0.500000 0.500000
0.484529 0.515471
0.483802 0.516198
0.483074 0.516926
0.482345 0.517655
0.481615 0.518385
0.480884 0.519116
0.480152 0.519848
0.479418 0.520582
0.500000 0.500000
0.714286 0.285714
0.000000 1.000000
0.478684 0.521316
0.000000 1.000000
0.000000 1.000000
0.000000 1.000000
0.000000 1.000000
0.000000 1.000000
0.000000 1.000000
0.000000 1.000000
0.000000 1.000000
0.000000 1.000000
0.000000 1.000000
0.477949 0.522051
0.477212 0.522788
0.476475 0.523525
0.475737 0.524263
0.474997 0.525003
0.474257 0.525743
0.473515 0.526485
0.472773 0.527227
0.472029 0.527971
0.000000 1.000000
0.000000 1.000000
0.471284 0.528716
0.470539 0.529461
0.469792 0.530208
0.692308 0.307692
0.692308 0.307692
0.469044 0.530956
0.468295 0.531705
0.467545 0.532455
0.466794 0.533206
0.438063 0.561937
0.000000 1.000000
0.466042 0.533958
0.465289 0.534711
0.464535 0.535465
0.463780 0.536220
0.000000 1.000000
0.000000 1.000000
0.000000 1.000000
0.463023 0.536977
0.000000 1.000000
0.000000 1.000000
0.000000 1.000000
0.666667 0.333333
0.000000 1.000000
0.000000 1.000000
0.000000 1.000000
0.462266 0.537734
0.461508 0.538492
0.460748 0.539252
0.459987 0.540013
0.459226 0.540774
0.458463 0.541537
0.000000 1.000000
0.457699 0.542301
0.456934 0.543066
0.456168 0.543832
0.455401 0.544599
0.454633 0.545367
0.453864 0.546136
0.432711 0.567289
0.453094 0.546906
0.500000 0.500000
0.500000 0.500000
0.500000 0.500000
0.427309 0.572691
0.452322 0.547678
0.451550 0.548450
0.000000 1.000000
0.000000 1.000000
0.421854 0.578146
0.000000 1.000000
0.000000 1.000000
0.000000 1.000000
0.450776 0.549224
0.450002 0.549998
0.449226 0.550774
0.448449 0.551551
0.000000 1.000000
0.000000 1.000000
0.000000 1.000000
0.447671 0.552329
0.416348 0.583652
0.000000 1.000000
0.446892 0.553108
0.446112 0.553888
0.445331 0.554669
0.444549 0.555451
0.000000 1.000000
0.500000 0.500000
0.443765 0.556235
0.442981 0.557019
0.442195 0.557805
0.441408 0.558592
0.440620 0.559380
0.439831 0.560169
0.000000 1.000000
0.000000 1.000000
0.000000 1.000000
0.000000 1.000000
0.439041 0.560959
0.438250 0.561750
0.437458 0.562542
0.436664 0.563336
0.000000 1.000000
0.435870 0.564130
0.435074 0.564926
0.434277 0.565723
0.433479 0.566521
0.432680 0.567320
0.431880 0.568120
0.431079 0.568921
0.000000 1.000000
0.430276 0.569724
0.429473 0.570527
0.000000 1.000000
0.000000 1.000000
0.000000 1.000000
0.428668 0.571332
0.427862 0.572138
0.427055 0.572945
0.426247 0.573753
0.000000 1.000000
0.425438 0.574562
0.424628 0.575372
0.423816 0.576184
0.423003 0.576997
0.422190 0.577810
0.500000 0.500000
0.421375 0.578625
0.420559 0.579441
0.419741 0.580259
0.418923 0.581077
0.000000 1.000000
0.418103 0.581897
0.417283 0.582717
0.416461 0.583539
0.000000 1.000000
0.000000 1.000000
0.415638 0.584362
0.414813 0.585187
0.413988 0.586012
0.413162 0.586838
0.412334 0.587666
0.411505 0.588495
0.410675 0.589325
0.409844 0.590156
0.409011 0.590989
0.408178 0.591822
0.407343 0.592657
0.000000 1.000000
0.000000 1.000000
0.406507 0.593493
0.405670 0.594330
0.404832 0.595168
0.403992 0.596008
0.403152 0.596848
0.410790 0.589210
0.405178 0.594822
0.402310 0.597690
0.401467 0.598533
0.000000 1.000000
0.000000 1.000000
0.400623 0.599377
0.399777 0.600223
0.398931 0.601069
0.398083 0.601917
0.397234 0.602766
0.396384 0.603616
0.395533 0.604467
0.394680 0.605320
0.393826 0.606174
0.392971 0.607029
0.000000 1.000000
0.000000 1.000000
0.000000 1.000000
0.000000 1.000000
0.392115 0.607885
0.391258 0.608742
0.390399 0.609601
0.389539 0.610461
0.388678 0.611322
0.387816 0.612184
0.000000 1.000000
0.000000 1.000000
0.000000 1.000000
0.000000 1.000000
0.386953 0.613047
0.386088 0.613912
0.385222 0.614778
0.384355 0.615645
0.383487 0.616513
0.382617 0.617383
0.381746 0.618254
0.380874 0.619126
0.380001 0.619999
0.000000 1.000000
0.379127 0.620873
0.378251 0.621749
0.377374 0.622626
0.376496 0.623504
0.375616 0.624384
0.374736 0.625264
0.373854 0.626146
0.372971 0.627029
0.000000 1.000000
0.372086 0.627914
0.371201 0.628799
0.370314 0.629686
0.369426 0.630574
0.368536 0.631464
0.367646 0.632354
0.366754 0.633246
0.365861 0.634139
0.364966 0.635034
0.364070 0.635930
0.363173 0.636827
0.362275 0.637725
0.361376 0.638624
0.360475 0.639525
0.000000 1.000000
0.000000 1.000000
0.359573 0.640427
0.358670 0.641330
0.357765 0.642235
0.356859 0.643141
0.355952 0.644048
0.355044 0.644956
0.354134 0.645866
0.353223 0.646777
0.352311 0.647689
0.351398 0.648602
0.350483 0.649517
0.399513 0.600487
0.349567 0.650433
0.348649 0.651351
0.000000 1.000000
0.000000 1.000000
0.000000 1.000000
0.347731 0.652269
0.346811 0.653189
0.345889 0.654111
0.344967 0.655033
0.344043 0.655957
0.343118 0.656882
0.342191 0.657809
0.341263 0.658737
0.340334 0.659666
0.339404 0.660596
0.338472 0.661528
0.337539 0.662461
0.336605 0.663395
0.393794 0.606206
0.335669 0.664331
0.334732 0.665268
0.333794 0.666206
0.332854 0.667146
0.331913 0.668087
0.330971 0.669029
0.330027 0.669973
0.329082 0.670918
0.328136 0.671864
0.327188 0.672812
0.326239 0.673761
0.325289 0.674711
0.000000 1.000000
0.324337 0.675663
0.323384 0.676616
0.322430 0.677570
0.321474 0.678526
0.320517 0.679483
0.319559 0.680441
0.000000 1.000000
