203.000000 
1.000000 
31.000000 
2.000000 
460.000000 
4.000000 
50.000000 
143.000000 
9.000000 
1.000000 
47.000000 
37.000000 
293.000000 
136.000000 
98.000000 
8.000000 
2.000000 
4.000000 
11.000000 
65.000000 
49.000000 
15.000000 
36.000000 
1.000000 
26.000000 
7.000000 
4.000000 
5.000000 
7.000000 
10.000000 
20.000000 
11.000000 
10.000000 
1.000000 
1.000000 
346.000000 
11.000000 
1.000000 
16.000000 
1.000000 
136.000000 
121.000000 
53.000000 
58.000000 
66.000000 
219.000000 
1.000000 
4.000000 
215.000000 
16.000000 
4.000000 
8.000000 
15.000000 
8.000000 
1.000000 
38.000000 
116.000000 
2.000000 
9.000000 
1.000000 
15.000000 
7.000000 
16.000000 
1.000000 
3.000000 
94.000000 
17.000000 
62.000000 
3.000000 
1.000000 
75.000000 
1.000000 
58.000000 
4.000000 
7.000000 
64.000000 
1.000000 
5.000000 
10.000000 
14.000000 
1.000000 
1.000000 
30.000000 
4.000000 
4.000000 
25.000000 
1.000000 
20.000000 
1.000000 
1.000000 
7.000000 
48.000000 
7.000000 
1.000000 
7.000000 
17.000000 
1.000000 
1.000000 
1.000000 
49.000000 
1.000000 
34.000000 
10.000000 
10.000000 
1.000000 
3.000000 
21.000000 
152.000000 
134.000000 
10.000000 
7.000000 
1.000000 
1.000000 
48.000000 
27.000000 
1.000000 
1.000000 
2.000000 
8.000000 
27.000000 
3.000000 
23.000000 
6.000000 
3.000000 
14.000000 
18.000000 
25.000000 
5.000000 
2.000000 
2.000000 
1.000000 
1.000000 
1.000000 
1.000000 
5.000000 
1.000000 
9.000000 
11.000000 
9.000000 
1.000000 
2.000000 
1.000000 
5.000000 
1.000000 
6.000000 
4.000000 
7.000000 
1.000000 
2.000000 
3.000000 
4.000000 
1.000000 
6.000000 
1.000000 
6.000000 
1.000000 
3.000000 
1.000000 
4.000000 
2.000000 
1.000000 
1.000000 
1.000000 
1.000000 
1.000000 
21.000000 
1.000000 
5.000000 
8.000000 
1.000000 
2.000000 
55.000000 
1.000000 
24.000000 
2.000000 
6.000000 
13.000000 
3.000000 
1.000000 
1.000000 
3.000000 
1.000000 
3.000000 
3.000000 
1.000000 
1.000000 
2.000000 
1.000000 
1.000000 
1.000000 
2.000000 
1.000000 
30.000000 
6.000000 
4.000000 
2.000000 
4.000000 
2.000000 
3.000000 
3.000000 
1.000000 
11.000000 
1.000000 
4.000000 
4.000000 
1.000000 
3.000000 
16.000000 
6.000000 
1.000000 
1.000000 
1.000000 
26.000000 
1.000000 
1.000000 
1.000000 
1.000000 
1.000000 
5.000000 
7.000000 
1.000000 
1.000000 
11.000000 
1.000000 
73.000000 
6.000000 
8.000000 
1.000000 
1.000000 
38.000000 
5.000000 
1.000000 
10.000000 
1.000000 
1.000000 
3.000000 
3.000000 
1.000000 
1.000000 
3.000000 
1.000000 
1.000000 
4.000000 
75.000000 
34.000000 
6.000000 
10.000000 
1.000000 
7.000000 
1.000000 
1.000000 
2.000000 
6.000000 
7.000000 
1.000000 
7.000000 
15.000000 
4.000000 
3.000000 
5.000000 
1.000000 
2.000000 
1.000000 
20.000000 
1.000000 
2.000000 
5.000000 
19.000000 
2.000000 
52.000000 
1.000000 
1.000000 
3.000000 
7.000000 
5.000000 
1.000000 
1.000000 
2.000000 
24.000000 
3.000000 
8.000000 
3.000000 
1.000000 
1.000000 
1.000000 
9.000000 
1.000000 
1.000000 
1.000000 
2.000000 
9.000000 
9.000000 
1.000000 
1.000000 
17.000000 
6.000000 
3.000000 
2.000000 
6.000000 
1.000000 
12.000000 
1.000000 
7.000000 
1.000000 
9.000000 
7.000000 
1.000000 
22.000000 
11.000000 
1.000000 
10.000000 
5.000000 
1.000000 
2.000000 
1.000000 
1.000000 
8.000000 
1.000000 
4.000000 
2.000000 
1.000000 
1.000000 
2.000000 
3.000000 
6.000000 
1.000000 
3.000000 
2.000000 
1.000000 
6.000000 
3.000000 
3.000000 
3.000000 
22.000000 
1.000000 
5.000000 
1.000000 
15.000000 
1.000000 
3.000000 
1.000000 
8.000000 
5.000000 
1.000000 
1.000000 
1.000000 
1.000000 
1.000000 
1.000000 
1.000000 
1.000000 
2.000000 
4.000000 
2.000000 
11.000000 
8.000000 
11.000000 
5.000000 
1.000000 
5.000000 
1.000000 
1.000000 
1.000000 
2.000000 
1.000000 
9.000000 
7.000000 
1.000000 
1.000000 
1.000000 
4.000000 
1.000000 
2.000000 
6.000000 
6.000000 
1.000000 
2.000000 
2.000000 
12.000000 
1.000000 
2.000000 
17.000000 
1.000000 
6.000000 
4.000000 
1.000000 
1.000000 
2.000000 
11.000000 
2.000000 
1.000000 
1.000000 
1.000000 
1.000000 
1.000000 
1.000000 
3.000000 
4.000000 
2.000000 
1.000000 
1.000000 
1.000000 
5.000000 
4.000000 
2.000000 
1.000000 
1.000000 
4.000000 
1.000000 
8.000000 
1.000000 
1.000000 
14.000000 
1.000000 
2.000000 
2.000000 
1.000000 
16.000000 
1.000000 
1.000000 
1.000000 
2.000000 
1.000000 
1.000000 
1.000000 
1.000000 
6.000000 
5.000000 
4.000000 
1.000000 
4.000000 
2.000000 
1.000000 
1.000000 
1.000000 
3.000000 
2.000000 
3.000000 
1.000000 
3.000000 
4.000000 
3.000000 
1.000000 
1.000000 
1.000000 
1.000000 
1.000000 
3.000000 
1.000000 
1.000000 
5.000000 
9.000000 
1.000000 
1.000000 
1.000000 
1.000000 
1.000000 
1.000000 
1.000000 
1.000000 
1.000000 
1.000000 
1.000000 
4.000000 
2.000000 
1.000000 
1.000000 
3.000000 
1.000000 
1.000000 
2.000000 
1.000000 
10.000000 
5.000000 
1.000000 
1.000000 
1.000000 
4.000000 
1.000000 
1.000000 
1.000000 
1.000000 
5.000000 
1.000000 
2.000000 
5.000000 
1.000000 
2.000000 
3.000000 
2.000000 
1.000000 
4.000000 
1.000000 
1.000000 
1.000000 
15.000000 
1.000000 
8.000000 
1.000000 
1.000000 
1.000000 
2.000000 
1.000000 
2.000000 
2.000000 
6.000000 
1.000000 
1.000000 
2.000000 
1.000000 
2.000000 
2.000000 
1.000000 
1.000000 
1.000000 
1.000000 
2.000000 
2.000000 
2.000000 
21.000000 
4.000000 
2.000000 
2.000000 
1.000000 
1.000000 
6.000000 
1.000000 
1.000000 
1.000000 
1.000000 
1.000000 
3.000000 
1.000000 
5.000000 
5.000000 
1.000000 
1.000000 
2.000000 
1.000000 
1.000000 
4.000000 
1.000000 
1.000000 
1.000000 
1.000000 
1.000000 
1.000000 
3.000000 
1.000000 
2.000000 
1.000000 
1.000000 
2.000000 
1.000000 
6.000000 
1.000000 
1.000000 
4.000000 
10.000000 
7.000000 
1.000000 
1.000000 
2.000000 
1.000000 
1.000000 
2.000000 
5.000000 
6.000000 
7.000000 
1.000000 
1.000000 
1.000000 
1.000000 
2.000000 
1.000000 
3.000000 
1.000000 
1.000000 
3.000000 
1.000000 
2.000000 
3.000000 
2.000000 
1.000000 
2.000000 
2.000000 
3.000000 
1.000000 
1.000000 
4.000000 
3.000000 
2.000000 
1.000000 
1.000000 
1.000000 
1.000000 
2.000000 
1.000000 
9.000000 
2.000000 
1.000000 
1.000000 
2.000000 
1.000000 
1.000000 
16.000000 
1.000000 
1.000000 
2.000000 
2.000000 
1.000000 
1.000000 
1.000000 
1.000000 
3.000000 
1.000000 
1.000000 
1.000000 
1.000000 
1.000000 
1.000000 
2.000000 
1.000000 
1.000000 
1.000000 
1.000000 
1.000000 
2.000000 
1.000000 
1.000000 
1.000000 
2.000000 
1.000000 
2.000000 
16.000000 
1.000000 
1.000000 
1.000000 
1.000000 
5.000000 
1.000000 
1.000000 
2.000000 
1.000000 
1.000000 
2.000000 
1.000000 
5.000000 
2.000000 
3.000000 
1.000000 
2.000000 
1.000000 
1.000000 
1.000000 
3.000000 
1.000000 
1.000000 
1.000000 
1.000000 
2.000000 
2.000000 
7.000000 
1.000000 
1.000000 
3.000000 
4.000000 
2.000000 
1.000000 
1.000000 
4.000000 
1.000000 
4.000000 
3.000000 
1.000000 
7.000000 
1.000000 
2.000000 
3.000000 
6.000000 
1.000000 
1.000000 
5.000000 
1.000000 
5.000000 
1.000000 
1.000000 
1.000000 
1.000000 
2.000000 
1.000000 
1.000000 
1.000000 
1.000000 
1.000000 
1.000000 
1.000000 
1.000000 
1.000000 
1.000000 
1.000000 
4.000000 
1.000000 
1.000000 
3.000000 
1.000000 
1.000000 
1.000000 
1.000000 
1.000000 
1.000000 
1.000000 
1.000000 
1.000000 
1.000000 
1.000000 
9.000000 
2.000000 
1.000000 
1.000000 
1.000000 
2.000000 
2.000000 
1.000000 
1.000000 
2.000000 
1.000000 
1.000000 
1.000000 
3.000000 
1.000000 
2.000000 
5.000000 
2.000000 
2.000000 
1.000000 
3.000000 
3.000000 
1.000000 
1.000000 
5.000000 
1.000000 
2.000000 
1.000000 
1.000000 
1.000000 
1.000000 
1.000000 
1.000000 
1.000000 
1.000000 
1.000000 
1.000000 
2.000000 
1.000000 
2.000000 
2.000000 
1.000000 
1.000000 
1.000000 
1.000000 
5.000000 
1.000000 
1.000000 
1.000000 
1.000000 
1.000000 
1.000000 
4.000000 
1.000000 
5.000000 
4.000000 
1.000000 
1.000000 
1.000000 
6.000000 
1.000000 
1.000000 
1.000000 
1.000000 
2.000000 
1.000000 
1.000000 
1.000000 
1.000000 
1.000000 
1.000000 
1.000000 
1.000000 
1.000000 
1.000000 
2.000000 
1.000000 
1.000000 
1.000000 
1.000000 
1.000000 
4.000000 
1.000000 
1.000000 
4.000000 
1.000000 
1.000000 
1.000000 
2.000000 
1.000000 
1.000000 
1.000000 
1.000000 
1.000000 
1.000000 
1.000000 
3.000000 
1.000000 
1.000000 
3.000000 
1.000000 
1.000000 
3.000000 
4.000000 
1.000000 
4.000000 
2.000000 
2.000000 
1.000000 
1.000000 
1.000000 
1.000000 
1.000000 
1.000000 
1.000000 
1.000000 
1.000000 
1.000000 
1.000000 
5.000000 
1.000000 
3.000000 
1.000000 
1.000000 
1.000000 
1.000000 
1.000000 
2.000000 
1.000000 
1.000000 
1.000000 
1.000000 
1.000000 
1.000000 
1.000000 
1.000000 
1.000000 
1.000000 
1.000000 
1.000000 
7.000000 
2.000000 
3.000000 
1.000000 
1.000000 
3.000000 
1.000000 
1.000000 
1.000000 
2.000000 
1.000000 
1.000000 
1.000000 
1.000000 
2.000000 
1.000000 
2.000000 
2.000000 
2.000000 
1.000000 
2.000000 
2.000000 
1.000000 
1.000000 
2.000000 
2.000000 
1.000000 
1.000000 
1.000000 
1.000000 
1.000000 
1.000000 
1.000000 
1.000000 
1.000000 
1.000000 
1.000000 
2.000000 
1.000000 
1.000000 
1.000000 
1.000000 
1.000000 
1.000000 
2.000000 
1.000000 
2.000000 
1.000000 
2.000000 
1.000000 
5.000000 
7.000000 
1.000000 
1.000000 
1.000000 
4.000000 
1.000000 
1.000000 
1.000000 
1.000000 
1.000000 
1.000000 
4.000000 
3.000000 
2.000000 
1.000000 
1.000000 
3.000000 
1.000000 
1.000000 
1.000000 
1.000000 
3.000000 
1.000000 
1.000000 
1.000000 
1.000000 
1.000000 
1.000000 
1.000000 
1.000000 
6.000000 
1.000000 
7.000000 
1.000000 
1.000000 
1.000000 
3.000000 
1.000000 
1.000000 
1.000000 
1.000000 
1.000000 
1.000000 
1.000000 
1.000000 
1.000000 
1.000000 
1.000000 
1.000000 
1.000000 
1.000000 
1.000000 
1.000000 
2.000000 
1.000000 
1.000000 
1.000000 
1.000000 
3.000000 
1.000000 
6.000000 
3.000000 
1.000000 
6.000000 
1.000000 
1.000000 
1.000000 
1.000000 
1.000000 
1.000000 
1.000000 
1.000000 
1.000000 
1.000000 
1.000000 
1.000000 
3.000000 
1.000000 
1.000000 
2.000000 
1.000000 
1.000000 
1.000000 
1.000000 
1.000000 
1.000000 
1.000000 
2.000000 
3.000000 
2.000000 
1.000000 
1.000000 
1.000000 
1.000000 
1.000000 
1.000000 
1.000000 
9.000000 
3.000000 
1.000000 
1.000000 
4.000000 
1.000000 
1.000000 
1.000000 
2.000000 
1.000000 
1.000000 
2.000000 
1.000000 
1.000000 
1.000000 
1.000000 
1.000000 
1.000000 
1.000000 
1.000000 
1.000000 
1.000000 
1.000000 
2.000000 
1.000000 
1.000000 
1.000000 
1.000000 
1.000000 
1.000000 
1.000000 
3.000000 
1.000000 
2.000000 
1.000000 
1.000000 
1.000000 
1.000000 
1.000000 
3.000000 
1.000000 
1.000000 
1.000000 
2.000000 
1.000000 
1.000000 
1.000000 
2.000000 
1.000000 
1.000000 
1.000000 
1.000000 
1.000000 
2.000000 
1.000000 
1.000000 
2.000000 
1.000000 
1.000000 
1.000000 
1.000000 
1.000000 
1.000000 
1.000000 
1.000000 
2.000000 
1.000000 
1.000000 
1.000000 
1.000000 
1.000000 
1.000000 
1.000000 
1.000000 
2.000000 
3.000000 
1.000000 
2.000000 
2.000000 
1.000000 
1.000000 
1.000000 
2.000000 
1.000000 
1.000000 
13.000000 
1.000000 
1.000000 
1.000000 
1.000000 
1.000000 
1.000000 
1.000000 
1.000000 
1.000000 
1.000000 
2.000000 
1.000000 
1.000000 
2.000000 
1.000000 
2.000000 
1.000000 
1.000000 
1.000000 
2.000000 
1.000000 
1.000000 
1.000000 
1.000000 
1.000000 
1.000000 
1.000000 
1.000000 
2.000000 
1.000000 
1.000000 
1.000000 
1.000000 
2.000000 
1.000000 
2.000000 
1.000000 
1.000000 
1.000000 
1.000000 
1.000000 
1.000000 
1.000000 
1.000000 
1.000000 
1.000000 
1.000000 
1.000000 
1.000000 
1.000000 
1.000000 
1.000000 
1.000000 
2.000000 
1.000000 
1.000000 
2.000000 
1.000000 
1.000000 
1.000000 
1.000000 
1.000000 
1.000000 
1.000000 
1.000000 
1.000000 
1.000000 
1.000000 
4.000000 
1.000000 
1.000000 
1.000000 
1.000000 
1.000000 
3.000000 
4.000000 
1.000000 
1.000000 
1.000000 
2.000000 
1.000000 
2.000000 
1.000000 
1.000000 
1.000000 
1.000000 
1.000000 
2.000000 
1.000000 
1.000000 
3.000000 
1.000000 
1.000000 
1.000000 
14.000000 
13.000000 
1.000000 
1.000000 
1.000000 
1.000000 
1.000000 
1.000000 
1.000000 
1.000000 
1.000000 
1.000000 
1.000000 
1.000000 
1.000000 
1.000000 
1.000000 
1.000000 
2.000000 
1.000000 
1.000000 
4.000000 
1.000000 
1.000000 
1.000000 
1.000000 
2.000000 
1.000000 
2.000000 
1.000000 
1.000000 
1.000000 
2.000000 
12.000000 
10.000000 
1.000000 
1.000000 
1.000000 
2.000000 
3.000000 
2.000000 
1.000000 
1.000000 
1.000000 
1.000000 
1.000000 
2.000000 
1.000000 
1.000000 
2.000000 
1.000000 
1.000000 
1.000000 
1.000000 
1.000000 
2.000000 
1.000000 
1.000000 
1.000000 
1.000000 
1.000000 
1.000000 
1.000000 
1.000000 
1.000000 
1.000000 
1.000000 
1.000000 
1.000000 
1.000000 
1.000000 
7.000000 
1.000000 
1.000000 
1.000000 
1.000000 
1.000000 
1.000000 
2.000000 
1.000000 
1.000000 
1.000000 
1.000000 
1.000000 
1.000000 
1.000000 
1.000000 
1.000000 
1.000000 
1.000000 
1.000000 
1.000000 
1.000000 
1.000000 
1.000000 
1.000000 
1.000000 
2.000000 
1.000000 
1.000000 
1.000000 
1.000000 
1.000000 
1.000000 
1.000000 
1.000000 
1.000000 
1.000000 
1.000000 
1.000000 
1.000000 
3.000000 
3.000000 
3.000000 
1.000000 
1.000000 
1.000000 
1.000000 
1.000000 
1.000000 
1.000000 
1.000000 
1.000000 
1.000000 
1.000000 
1.000000 
1.000000 
1.000000 
1.000000 
2.000000 
1.000000 
2.000000 
1.000000 
1.000000 
1.000000 
1.000000 
1.000000 
1.000000 
1.000000 
1.000000 
2.000000 
1.000000 
1.000000 
1.000000 
1.000000 
1.000000 
1.000000 
1.000000 
2.000000 
1.000000 
1.000000 
1.000000 
2.000000 
1.000000 
2.000000 
2.000000 
1.000000 
1.000000 
1.000000 
1.000000 
1.000000 
1.000000 
1.000000 
1.000000 
1.000000 
1.000000 
1.000000 
1.000000 
1.000000 
1.000000 
1.000000 
1.000000 
1.000000 
1.000000 
1.000000 
1.000000 
1.000000 
1.000000 
1.000000 
2.000000 
1.000000 
1.000000 
1.000000 
1.000000 
1.000000 
1.000000 
1.000000 
1.000000 
1.000000 
1.000000 
1.000000 
1.000000 
1.000000 
1.000000 
1.000000 
1.000000 
1.000000 
1.000000 
1.000000 
1.000000 
1.000000 
1.000000 
1.000000 
2.000000 
1.000000 
2.000000 
2.000000 
1.000000 
1.000000 
1.000000 
1.000000 
1.000000 
1.000000 
1.000000 
1.000000 
1.000000 
1.000000 
1.000000 
2.000000 
1.000000 
1.000000 
2.000000 
1.000000 
1.000000 
1.000000 
1.000000 
1.000000 
1.000000 
1.000000 
1.000000 
1.000000 
1.000000 
2.000000 
1.000000 
1.000000 
1.000000 
1.000000 
1.000000 
1.000000 
1.000000 
1.000000 
1.000000 
1.000000 
1.000000 
1.000000 
1.000000 
1.000000 
1.000000 
1.000000 
1.000000 
1.000000 
1.000000 
1.000000 
1.000000 
1.000000 
1.000000 
1.000000 
1.000000 
1.000000 
1.000000 
2.000000 
1.000000 
1.000000 
3.000000 
2.000000 
2.000000 
1.000000 
1.000000 
1.000000 
1.000000 
1.000000 
2.000000 
1.000000 
1.000000 
1.000000 
1.000000 
1.000000 
1.000000 
1.000000 
1.000000 
1.000000 
1.000000 
1.000000 
1.000000 
1.000000 
1.000000 
1.000000 
1.000000 
2.000000 
1.000000 
1.000000 
1.000000 
1.000000 
2.000000 
1.000000 
1.000000 
1.000000 
1.000000 
1.000000 
1.000000 
1.000000 
1.000000 
1.000000 
1.000000 
1.000000 
1.000000 
1.000000 
1.000000 
1.000000 
1.000000 
1.000000 
1.000000 
1.000000 
1.000000 
1.000000 
1.000000 
1.000000 
1.000000 
1.000000 
1.000000 
1.000000 
1.000000 
1.000000 
2.000000 
1.000000 
2.000000 
1.000000 
1.000000 
2.000000 
1.000000 
1.000000 
1.000000 
1.000000 
2.000000 
1.000000 
1.000000 
1.000000 
1.000000 
1.000000 
1.000000 
1.000000 
1.000000 
1.000000 
1.000000 
1.000000 
2.000000 
1.000000 
1.000000 
1.000000 
1.000000 
1.000000 
1.000000 
1.000000 
1.000000 
1.000000 
1.000000 
1.000000 
1.000000 
1.000000 
1.000000 
1.000000 
1.000000 
1.000000 
1.000000 
1.000000 
1.000000 
1.000000 
1.000000 
1.000000 
1.000000 
1.000000 
1.000000 
1.000000 
1.000000 
1.000000 
1.000000 
1.000000 
1.000000 
1.000000 
1.000000 
1.000000 
1.000000 
1.000000 
1.000000 
1.000000 
1.000000 
1.000000 
1.000000 
1.000000 
1.000000 
1.000000 
1.000000 
1.000000 
1.000000 
1.000000 
1.000000 
1.000000 
1.000000 
1.000000 
1.000000 
1.000000 
1.000000 
1.000000 
1.000000 
1.000000 
1.000000 
1.000000 
1.000000 
1.000000 
1.000000 
1.000000 
1.000000 
1.000000 
1.000000 
1.000000 
1.000000 
1.000000 
1.000000 
1.000000 
1.000000 
2.000000 
2.000000 
1.000000 
1.000000 
1.000000 
1.000000 
1.000000 
1.000000 
1.000000 
1.000000 
1.000000 
1.000000 
1.000000 
1.000000 
1.000000 
1.000000 
1.000000 
1.000000 
1.000000 
1.000000 
1.000000 
1.000000 
1.000000 
1.000000 
1.000000 
1.000000 
1.000000 
1.000000 
1.000000 
1.000000 
1.000000 
1.000000 
1.000000 
1.000000 
1.000000 
1.000000 
1.000000 
1.000000 
1.000000 
1.000000 
1.000000 
1.000000 
1.000000 
1.000000 
1.000000 
1.000000 
1.000000 
1.000000 
1.000000 
1.000000 
1.000000 
1.000000 
1.000000 
1.000000 
1.000000 
1.000000 
1.000000 
1.000000 
1.000000 
1.000000 
1.000000 
1.000000 
1.000000 
1.000000 
1.000000 
1.000000 
1.000000 
1.000000 
1.000000 
1.000000 
1.000000 
1.000000 
1.000000 
1.000000 
1.000000 
1.000000 
2.000000 
1.000000 
1.000000 
1.000000 
1.000000 
1.000000 
1.000000 
1.000000 
1.000000 
1.000000 
1.000000 
1.000000 
1.000000 
1.000000 
1.000000 
1.000000 
1.000000 
1.000000 
1.000000 
2.000000 
1.000000 
1.000000 
1.000000 
1.000000 
1.000000 
1.000000 
1.000000 
1.000000 
1.000000 
1.000000 
1.000000 
1.000000 
1.000000 
1.000000 
1.000000 
1.000000 
1.000000 
1.000000 
1.000000 
1.000000 
