0.995000
0.046999
0.583000
0.079999
1.000000
0.142999
0.771000
0.981000
0.195999
0.045999
0.674000
0.600000
0.999000
0.943000
0.910000
0.215999
0.074999
0.157999
0.286999
0.798000
0.734000
0.444999
0.664000
0.036999
0.497999
0.216999
0.095999
0.171999
0.210999
0.232999
0.512000
0.310999
0.132999
0.043999
0.043999
1.000000
0.268999
0.043999
0.431999
0.033999
0.923000
0.917000
0.593000
0.637000
0.703000
0.997000
0.032999
0.141999
0.994000
0.333999
0.119999
0.187999
0.270999
0.263999
0.040999
0.623000
0.952000
0.043999
0.249999
0.032999
0.301999
0.220999
0.282999
0.034999
0.101999
0.902000
0.243999
0.820000
0.090999
0.054999
0.808000
0.040999
0.697000
0.115999
0.210999
0.738000
0.037999
0.105999
0.281999
0.327999
0.037999
0.051999
0.482999
0.169999
0.092999
0.457999
0.048999
0.439999
0.048999
0.045999
0.203999
0.601000
0.122999
0.052999
0.261999
0.387999
0.034999
0.032999
0.032999
0.746000
0.033999
0.454999
0.179999
0.262999
0.039999
0.104999
0.461999
0.961000
0.946000
0.303999
0.165999
0.047999
0.047999
0.718000
0.533000
0.052999
0.041999
0.043999
0.142999
0.457999
0.101999
0.429999
0.139999
0.111999
0.273999
0.353999
0.505000
0.128999
0.075999
0.071999
0.042999
0.042999
0.051999
0.051999
0.126999
0.045999
0.299999
0.296999
0.149999
0.047999
0.048999
0.048999
0.077999
0.040999
0.079999
0.147999
0.205999
0.034999
0.071999
0.080999
0.138999
0.047999
0.089999
0.049999
0.167999
0.041999
0.122999
0.041999
0.142999
0.071999
0.041999
0.040999
0.040999
0.037999
0.037999
0.317999
0.038999
0.123999
0.141999
0.035999
0.068999
0.751000
0.044999
0.434999
0.051999
0.142999
0.261999
0.076999
0.034999
0.036999
0.083999
0.050999
0.073999
0.124999
0.037999
0.036999
0.037999
0.025999
0.025999
0.025999
0.029999
0.025999
0.493999
0.137999
0.073999
0.068999
0.072999
0.071999
0.041999
0.039999
0.024999
0.319999
0.052999
0.118999
0.117999
0.036999
0.082999
0.205999
0.207999
0.035999
0.045999
0.045999
0.397999
0.040999
0.040999
0.045999
0.045999
0.032999
0.115999
0.106999
0.047999
0.047999
0.185999
0.050999
0.824000
0.175999
0.184999
0.038999
0.036999
0.507000
0.114999
0.047999
0.277999
0.047999
0.040999
0.082999
0.055999
0.043999
0.035999
0.060999
0.037999
0.037999
0.097999
0.815000
0.474999
0.129999
0.162999
0.045999
0.164999
0.044999
0.047999
0.051999
0.182999
0.157999
0.037999
0.188999
0.295999
0.144999
0.081999
0.166999
0.063999
0.068999
0.063999
0.398999
0.042999
0.085999
0.098999
0.315999
0.075999
0.565000
0.044999
0.039999
0.108999
0.134999
0.143999
0.027999
0.047999
0.093999
0.371999
0.097999
0.176999
0.098999
0.042999
0.040999
0.040999
0.208999
0.038999
0.038999
0.038999
0.080999
0.283999
0.125999
0.037999
0.041999
0.279999
0.131999
0.081999
0.043999
0.183999
0.036999
0.212999
0.041999
0.219999
0.037999
0.187999
0.110999
0.047999
0.347999
0.254999
0.045999
0.150999
0.072999
0.024999
0.051999
0.040999
0.040999
0.241999
0.029999
0.048999
0.051999
0.029999
0.037999
0.054999
0.121999
0.192999
0.044999
0.067999
0.049999
0.041999
0.099999
0.091999
0.100999
0.108999
0.394999
0.040999
0.101999
0.047999
0.326999
0.053999
0.120999
0.038999
0.254999
0.129999
0.033999
0.037999
0.034999
0.043999
0.041999
0.041999
0.041999
0.041999
0.044999
0.051999
0.040999
0.273999
0.221999
0.270999
0.074999
0.038999
0.074999
0.041999
0.041999
0.041999
0.044999
0.044999
0.275999
0.231999
0.041999
0.037999
0.041999
0.145999
0.041999
0.078999
0.221999
0.220999
0.037999
0.042999
0.044999
0.288999
0.045999
0.080999
0.165999
0.045999
0.066999
0.050999
0.039999
0.039999
0.049999
0.171999
0.049999
0.037999
0.037999
0.035999
0.035999
0.040999
0.028999
0.091999
0.096999
0.055999
0.047999
0.047999
0.050999
0.138999
0.087999
0.054999
0.036999
0.036999
0.071999
0.031999
0.113999
0.036999
0.048999
0.320999
0.038999
0.082999
0.095999
0.046999
0.246999
0.038999
0.038999
0.042999
0.075999
0.027999
0.043999
0.043999
0.033999
0.095999
0.096999
0.094999
0.050999
0.094999
0.079999
0.042999
0.042999
0.036999
0.044999
0.043999
0.094999
0.039999
0.102999
0.046999
0.078999
0.027999
0.037999
0.042999
0.042999
0.032999
0.103999
0.049999
0.049999
0.097999
0.172999
0.043999
0.039999
0.039999
0.039999
0.039999
0.037999
0.037999
0.039999
0.042999
0.042999
0.031999
0.116999
0.036999
0.033999
0.033999
0.068999
0.045999
0.045999
0.085999
0.045999
0.188999
0.162999
0.036999
0.036999
0.036999
0.109999
0.035999
0.039999
0.039999
0.039999
0.146999
0.039999
0.091999
0.129999
0.033999
0.068999
0.081999
0.076999
0.038999
0.131999
0.049999
0.049999
0.049999
0.228999
0.033999
0.150999
0.050999
0.050999
0.041999
0.080999
0.038999
0.053999
0.053999
0.110999
0.043999
0.043999
0.064999
0.035999
0.064999
0.042999
0.054999
0.048999
0.048999
0.039999
0.036999
0.036999
0.036999
0.317999
0.094999
0.044999
0.043999
0.042999
0.034999
0.156999
0.034999
0.034999
0.033999
0.042999
0.042999
0.090999
0.033999
0.105999
0.090999
0.049999
0.035999
0.052999
0.035999
0.051999
0.084999
0.036999
0.036999
0.035999
0.038999
0.038999
0.038999
0.063999
0.028999
0.035999
0.035999
0.035999
0.043999
0.042999
0.120999
0.038999
0.044999
0.093999
0.109999
0.104999
0.032999
0.032999
0.050999
0.032999
0.043999
0.068999
0.135999
0.134999
0.093999
0.032999
0.035999
0.040999
0.036999
0.031999
0.038999
0.072999
0.038999
0.038999
0.088999
0.054999
0.056999
0.080999
0.077999
0.054999
0.032999
0.052999
0.081999
0.041999
0.041999
0.066999
0.086999
0.068999
0.046999
0.046999
0.046999
0.033999
0.049999
0.034999
0.173999
0.050999
0.036999
0.043999
0.056999
0.046999
0.046999
0.159999
0.038999
0.046999
0.059999
0.043999
0.040999
0.050999
0.050999
0.038999
0.063999
0.038999
0.053999
0.053999
0.046999
0.046999
0.046999
0.071999
0.042999
0.039999
0.039999
0.039999
0.055999
0.069999
0.038999
0.037999
0.037999
0.055999
0.033999
0.053999
0.160999
0.045999
0.041999
0.041999
0.040999
0.061999
0.037999
0.037999
0.057999
0.042999
0.042999
0.070999
0.042999
0.105999
0.048999
0.043999
0.034999
0.045999
0.046999
0.046999
0.035999
0.070999
0.035999
0.035999
0.035999
0.040999
0.040999
0.040999
0.074999
0.033999
0.042999
0.046999
0.048999
0.043999
0.045999
0.030999
0.079999
0.036999
0.105999
0.070999
0.031999
0.138999
0.036999
0.075999
0.057999
0.102999
0.041999
0.046999
0.062999
0.050999
0.082999
0.045999
0.033999
0.046999
0.046999
0.068999
0.033999
0.033999
0.037999
0.031999
0.031999
0.033999
0.033999
0.034999
0.034999
0.034999
0.032999
0.049999
0.019999
0.045999
0.031999
0.027999
0.027999
0.027999
0.040999
0.040999
0.034999
0.034999
0.034999
0.044999
0.044999
0.044999
0.143999
0.050999
0.034999
0.035999
0.027999
0.035999
0.035999
0.034999
0.040999
0.035999
0.035999
0.040999
0.035999
0.068999
0.035999
0.065999
0.059999
0.042999
0.062999
0.041999
0.059999
0.055999
0.032999
0.033999
0.053999
0.033999
0.046999
0.023999
0.042999
0.038999
0.038999
0.038999
0.025999
0.025999
0.046999
0.046999
0.032999
0.064999
0.032999
0.060999
0.048999
0.033999
0.049999
0.049999
0.049999
0.053999
0.033999
0.033999
0.033999
0.044999
0.044999
0.044999
0.076999
0.039999
0.077999
0.076999
0.034999
0.045999
0.045999
0.095999
0.033999
0.034999
0.033999
0.031999
0.033999
0.035999
0.040999
0.035999
0.035999
0.035999
0.033999
0.027999
0.027999
0.027999
0.027999
0.054999
0.038999
0.038999
0.038999
0.029999
0.036999
0.081999
0.039999
0.039999
0.100999
0.032999
0.032999
0.023999
0.036999
0.033999
0.032999
0.032999
0.032999
0.032999
0.032999
0.030999
0.067999
0.033999
0.033999
0.042999
0.033999
0.036999
0.054999
0.067999
0.034999
0.039999
0.031999
0.031999
0.027999
0.025999
0.025999
0.035999
0.035999
0.039999
0.026999
0.026999
0.032999
0.025999
0.045999
0.087999
0.034999
0.030999
0.025999
0.026999
0.020999
0.024999
0.035999
0.042999
0.039999
0.049999
0.049999
0.027999
0.027999
0.035999
0.035999
0.036999
0.036999
0.026999
0.027999
0.029999
0.096999
0.031999
0.033999
0.027999
0.039999
0.055999
0.031999
0.031999
0.028999
0.049999
0.033999
0.033999
0.027999
0.027999
0.035999
0.023999
0.042999
0.024999
0.051999
0.039999
0.063999
0.049999
0.032999
0.026999
0.050999
0.030999
0.027999
0.027999
0.022999
0.022999
0.022999
0.023999
0.023999
0.034999
0.029999
0.029999
0.029999
0.042999
0.027999
0.027999
0.034999
0.034999
0.034999
0.022999
0.044999
0.033999
0.053999
0.019999
0.020999
0.029999
0.062999
0.074999
0.024999
0.031999
0.018999
0.056999
0.018999
0.028999
0.028999
0.028999
0.027999
0.027999
0.060999
0.030999
0.027999
0.024999
0.019999
0.021999
0.019999
0.018999
0.025999
0.025999
0.036999
0.025999
0.025999
0.029999
0.029999
0.025999
0.016999
0.030999
0.015999
0.038999
0.015999
0.051999
0.017999
0.017999
0.036999
0.060999
0.036999
0.026999
0.026999
0.026999
0.026999
0.019999
0.023999
0.022999
0.022999
0.019999
0.014999
0.022999
0.022999
0.022999
0.029999
0.022999
0.035999
0.018999
0.016999
0.020999
0.019999
0.035999
0.019999
0.079999
0.056999
0.029999
0.077999
0.026999
0.026999
0.026999
0.020999
0.027999
0.027999
0.027999
0.023999
0.019999
0.021999
0.021999
0.021999
0.046999
0.017999
0.018999
0.018999
0.018999
0.018999
0.020999
0.020999
0.021999
0.022999
0.016999
0.042999
0.046999
0.042999
0.019999
0.025999
0.016999
0.016999
0.019999
0.019999
0.018999
0.046999
0.049999
0.018999
0.025999
0.034999
0.026999
0.026999
0.016999
0.032999
0.016999
0.011999
0.012999
0.021999
0.021999
0.021999
0.019999
0.027999
0.020999
0.019999
0.019999
0.019999
0.024999
0.024999
0.024999
0.018999
0.017999
0.009999
0.009999
0.023999
0.023999
0.023999
0.047999
0.022999
0.007999
0.007999
0.023999
0.023999
0.023999
0.014999
0.024999
0.015999
0.029999
0.008999
0.015999
0.015999
0.021999
0.021999
0.030999
0.014999
0.014999
0.023999
0.023999
0.026999
0.037999
0.026999
0.014999
0.016999
0.014999
0.016999
0.016999
0.021999
0.017999
0.017999
0.017999
0.014999
0.014999
0.017999
0.025999
0.017999
0.013999
0.017999
0.020999
0.020999
0.021999
0.016999
0.019999
0.014999
0.016999
0.016999
0.018999
0.011999
0.011999
0.012999
0.009999
0.015999
0.097999
0.015999
0.017999
0.017999
0.010999
0.009999
0.015999
0.015999
0.019999
0.019999
0.019999
0.020999
0.017999
0.015999
0.019999
0.010999
0.012999
0.009999
0.009999
0.015999
0.019999
0.014999
0.014999
0.014999
0.009999
0.009999
0.009999
0.011999
0.018999
0.029999
0.006999
0.009999
0.013999
0.013999
0.016999
0.015999
0.016999
0.015999
0.015999
0.015999
0.015999
0.015999
0.012999
0.012999
0.012999
0.012999
0.012999
0.011999
0.011999
0.016999
0.011999
0.012999
0.016999
0.010999
0.021999
0.015999
0.013999
0.016999
0.016999
0.021999
0.009999
0.009999
0.009999
0.009999
0.009999
0.009999
0.013999
0.014999
0.014999
0.016999
0.009999
0.010999
0.015999
0.015999
0.015999
0.029999
0.021999
0.007999
0.007999
0.012999
0.013999
0.010999
0.015999
0.010999
0.007999
0.007999
0.020999
0.004999
0.017999
0.004999
0.004999
0.007999
0.010999
0.011999
0.011999
0.052999
0.048999
0.013999
0.010999
0.010999
0.016999
0.008999
0.008999
0.006999
0.012999
0.012999
0.005999
0.010999
0.009999
0.009999
0.009999
0.009999
0.009999
0.017999
0.006999
0.010999
0.018999
0.006999
0.006999
0.008999
0.008999
0.016999
0.008999
0.009999
0.008999
0.008999
0.011999
0.020999
0.036999
0.027999
0.013999
0.006999
0.012999
0.012999
0.025999
0.007999
0.007999
0.007999
0.007999
0.007999
0.007999
0.010999
0.005999
0.005999
0.006999
0.004999
0.005999
0.002999
0.007999
0.007999
0.008999
0.003999
0.008999
0.008999
0.010999
0.011999
0.007999
0.004999
0.004999
0.004999
0.007999
0.007999
0.015999
0.015999
0.003999
0.004999
0.038999
0.009999
0.006999
0.006999
0.010999
0.005999
0.005999
0.002999
0.002999
0.008999
0.008999
0.002999
0.006999
0.006999
0.011999
0.009999
0.009999
0.009999
0.004999
0.008999
0.004999
0.005999
0.005999
0.007999
0.005999
0.002999
0.011999
0.007999
0.009999
0.009999
0.010999
0.010999
0.006999
0.003999
0.003999
0.003999
0.003999
0.006999
0.006999
0.003999
0.017999
0.018999
0.017999
0.010999
0.008999
0.008999
0.001999
0.007999
0.006999
0.004999
0.008999
0.008999
0.007999
0.007999
0.007999
0.005999
0.005999
0.003999
0.010999
0.003999
0.006999
0.005999
0.013999
0.013999
0.007999
0.007999
0.006999
0.000999
0.000999
0.008999
0.006999
0.006999
0.004999
0.002999
0.002999
0.002999
0.008999
0.010999
0.006999
0.002999
0.002999
0.007999
0.006999
0.009999
0.009999
0.007999
0.003999
0.003999
0.003999
0.003999
0.004999
0.001999
0.001999
0.004999
0.004999
0.002999
0.006999
0.006999
0.005999
0.005999
0.006999
0.007999
0.001999
0.001999
0.001999
0.003999
0.002999
0.001999
0.003999
0.004999
0.004999
0.001999
0.001999
0.001999
0.001999
0.010999
0.010999
0.010999
0.010999
0.010999
0.000999
0.002999
0.002999
0.002999
0.002999
0.003999
0.003999
0.002999
0.003999
0.003999
0.003999
0.002999
0.005999
0.008999
0.017999
0.017999
0.004999
0.001999
0.001999
0.005999
0.005999
0.005999
0.002999
0.002999
0.004999
0.001999
0.002999
0.003999
0.002999
0.002999
0.003999
0.002999
0.000999
0.004999
0.003999
0.005999
0.003999
0.000999
0.000999
0.005999
0.005999
0.007999
0.003999
0.005999
0.002999
0.002999
0.001999
0.001999
0.001999
0.002999
0.002999
0.005999
0.003999
0.003999
0.000999
0.000000
0.000000
0.001999
0.002999
0.002999
0.001999
0.001999
0.002999
0.002999
0.002999
0.002999
0.002999
0.002999
0.002999
0.003999
0.002999
0.000999
0.011999
0.009999
0.009999
0.006999
0.006999
0.006999
0.000999
0.000999
0.000999
0.003999
0.000000
0.000000
0.000000
0.000000
0.002999
0.002999
0.002999
0.002999
0.002999
0.002999
0.002999
0.006999
0.006999
0.006999
0.003999
0.006999
0.003999
0.000999
0.000999
0.000999
0.001999
0.003999
0.003999
0.005999
0.000999
0.007999
0.008999
0.008999
0.008999
0.000000
0.001999
0.001999
0.001999
0.003999
0.000999
0.000999
0.000999
0.003999
0.001999
0.001999
0.001999
0.001999
0.001999
0.002999
0.000000
0.000000
0.000000
0.001999
0.001999
0.001999
0.001999
0.000999
0.004999
0.003999
0.003999
0.001999
0.000000
0.000999
0.001999
0.001999
0.003999
0.001999
0.001999
0.004999
0.001999
0.004999
0.003999
0.003999
0.004999
0.004999
0.004999
0.000999
0.001999
0.003999
0.003999
0.003999
0.003999
0.003999
0.001999
0.002999
0.000000
0.004999
0.004999
0.002999
0.002999
0.000999
0.002999
0.002999
0.002999
0.000999
0.000000
0.000000
0.001999
0.001999
0.000999
0.000999
0.000999
0.000999
0.000999
0.000999
0.002999
0.002999
0.004999
0.000999
0.000999
0.002999
0.002999
0.002999
0.000999
0.002999
0.000999
0.000999
0.002999
0.001999
0.001999
0.001999
0.001999
0.001999
0.002999
0.001999
0.001999
0.000000
0.000000
0.001999
0.000999
0.000999
0.000999
0.005999
0.005999
0.000999
0.000999
0.000999
0.001999
0.001999
0.000000
0.003999
0.003999
0.000999
0.000999
0.000999
0.002999
0.002999
0.000999
0.001999
0.001999
0.000999
0.000999
0.002999
0.002999
0.001999
0.001999
0.002999
0.002999
0.001999
0.001999
0.001999
0.001999
0.000000
0.000000
0.003999
0.003999
0.000999
0.000999
0.002999
0.001999
0.001999
0.001999
0.000000
0.000000
0.000000
0.000999
0.003999
0.000999
0.001999
0.001999
0.003999
0.002999
0.002999
0.002999
0.000000
0.000000
0.000000
0.001999
0.000000
0.000999
0.000999
0.003999
0.000999
0.002999
0.002999
0.002999
0.001999
0.001999
0.001999
0.001999
0.001999
0.000999
0.000999
0.000999
0.000999
0.000999
0.000999
0.000999
0.000999
0.000999
0.000000
0.000000
0.000000
0.000999
0.000999
0.001999
0.002999
0.000999
0.000999
0.000999
0.001999
0.001999
0.001999
0.001999
0.002999
0.000999
0.000000
0.000000
0.000999
0.000000
0.002999
0.002999
0.002999
0.002999
0.000000
0.004999
0.000999
0.000999
0.000000
0.000000
0.000999
0.000999
0.000999
0.002999
0.002999
0.001999
0.001999
0.003999
0.001999
0.001999
0.001999
0.000999
0.000999
0.000999
0.000999
0.000999
0.000999
0.000999
0.000000
0.000000
0.001999
0.001999
0.001999
0.001999
0.001999
0.001999
0.001999
0.003999
